-232.88199 -250.03830 -5.84189 
-7.73919 -144.28968 -177.44691 
-7.57563 -214.19429 -213.15545 
-56.84710 -1.85193 -55.95509 
-57.44829 -1.15994 -55.11095 
-225.66428 -234.33426 -5.61459 
-57.08808 -1.58936 -55.62910 
-239.45756 -263.24027 -6.07294 
-5.84742 -252.14474 -233.60824 
-5.03246 -187.23038 -201.59250 
-8.64678 -110.65213 -159.24665 
-55.89817 -2.98994 -57.67517 
-47.51146 -8.20763 -68.54123 
-4.73815 -245.81823 -231.48654 
-220.06631 -220.96691 -4.33827 
-202.73763 -188.27311 -4.97827 
-60.30384 -2.75943 -52.93689 
-4.57453 -250.92988 -234.36953 
-7.62590 -217.03575 -214.54650 
-54.77383 -1.05349 -57.72711 
-202.01112 -185.45281 -4.29304 
-60.02289 -2.37546 -53.18443 
-208.81119 -198.18756 -3.77991 
-4.49090 -189.91891 -203.51333 
-65.05680 -3.19136 -48.49035 
-4.99536 -217.83992 -217.38382 
-61.87406 -1.96098 -51.06495 
-6.30230 -163.83872 -188.28718 
-4.38370 -223.49153 -220.76764 
-6.18993 -310.11976 -262.69617 
-231.60585 -258.61671 -12.28725 
-44.53068 -4.71324 -69.76458 
-68.43561 -8.08351 -47.77107 
-164.39241 -118.00727 -7.67727 
-55.81931 -0.97551 -56.60458 
-52.49203 -2.59464 -60.67535 
-221.54071 -223.51401 -3.89110 
-7.31414 -157.10039 -184.08139 
-59.88652 -2.16240 -53.05961 
-64.74414 -5.48594 -50.15567 
-214.76282 -214.22495 -5.90075 
-202.77039 -188.85518 -5.32888 
-4.88183 -161.58641 -188.87460 
-196.27125 -180.84811 -7.65299 
-202.43373 -194.78310 -8.62419 
-7.43080 -115.39671 -162.86043 
-223.11169 -229.58883 -5.57720 
-244.62544 -271.64327 -5.22490 
-213.04792 -208.23688 -4.60824 
-230.74873 -244.44364 -5.58384 
-4.08724 -199.20372 -208.50262 
-6.93456 -127.93094 -169.60527 
-4.23931 -242.42574 -230.32816 
-58.10675 -2.51914 -55.12848 
-55.91358 -2.59045 -57.43073 
-59.15663 -1.45470 -53.56959 
-53.68114 -1.22828 -58.85834 
-6.23253 -152.95313 -183.19482 
-5.15188 -206.99581 -211.66173 
-4.56707 -215.41116 -216.44910 
-7.02732 -198.50697 -205.43529 
-56.72172 -2.61601 -56.63868 
-50.12683 -2.90308 -63.33096 
-5.32596 -213.91682 -215.09962 
-7.24873 -296.81778 -254.80174 
-4.22773 -234.72830 -226.49610 
-52.29690 -2.73913 -60.91471 
-4.62489 -262.80731 -240.29032 
-250.18641 -286.04400 -6.78541 
-4.18636 -212.06530 -214.90492 
-4.96650 -161.59897 -188.63290 
-5.09300 -257.56337 -237.10570 
-51.83946 -3.71354 -61.98426 
-64.42680 -2.59811 -48.86337 
-51.57575 -3.12407 -61.79716 
-189.97108 -162.79541 -4.65004 
-58.77694 -3.04361 -54.80789 
-5.53534 -270.15368 -242.94152 
-4.67875 -195.11132 -206.07308 
-163.52448 -119.97115 -9.13093 
-5.79295 -168.86820 -191.71676 
-5.51266 -153.98194 -184.40568 
-51.53997 -2.93546 -61.97219 
-5.49459 -233.31627 -224.42039 
-59.06508 -3.58472 -54.56087 
-8.30800 -257.92358 -234.24552 
-62.78464 -2.40733 -50.28387 
-242.91520 -268.50931 -5.34531 
-6.39579 -294.08906 -254.42777 
-49.41490 -2.17094 -63.60978 
-203.20146 -187.41968 -3.92004 
-200.98801 -185.03512 -4.95443 
-213.97567 -209.22108 -4.15776 
-61.65096 -4.76317 -52.82871 
-222.37691 -229.17915 -5.78856 
-6.33006 -189.99882 -201.79315 
-203.02579 -186.89249 -3.83590 
-59.82182 -1.99247 -53.12626 
-5.33040 -197.27828 -206.23076 
-7.91768 -151.57951 -180.49851 
-63.32646 -3.64390 -50.53058 
-67.83914 -5.62996 -47.00357 
-6.82485 -300.99431 -257.54668 
-62.08990 -1.89649 -50.76090 
-6.04439 -248.51094 -231.93029 
-4.36670 -215.98031 -216.75232 
-46.59875 -3.08354 -66.91569 
-49.60521 -5.12811 -64.86431 
-185.39801 -156.91830 -6.33097 
-66.06421 -6.97041 -49.58495 
-3.83896 -223.90367 -221.34897 
-57.93533 -2.42159 -55.11667 
-225.92735 -238.04607 -6.84291 
-64.46334 -5.70565 -50.53791 
-218.50306 -220.94137 -5.94854 
-12.18783 -260.30769 -231.09810 
-199.37692 -182.19711 -5.06794 
-4.23574 -214.56636 -216.26323 
-53.10099 -1.19423 -59.46636 
-3.77653 -208.37629 -213.55010 
-5.33804 -231.49120 -223.47811 
-59.66356 -1.52954 -53.02550 
-209.14385 -200.53660 -4.65029 
-49.98880 -5.88288 -65.09117 
-6.96701 -294.37420 -254.13641 
-234.34666 -249.90547 -4.47839 
-55.78380 -1.36036 -56.90335 
-46.45420 -4.31635 -67.58836 
-5.74064 -217.30463 -216.43300 
-56.98002 -2.23089 -55.96472 
-51.99739 -2.81500 -61.24036 
-193.77734 -171.14189 -5.35589 
-232.02081 -246.67795 -5.08907 
-191.77311 -167.88630 -5.67025 
-5.87108 -250.98481 -233.26625 
-61.81287 -2.95134 -51.74661 
-5.93195 -185.30503 -199.87719 
-4.70722 -214.97691 -215.91298 
-4.48686 -227.32477 -222.52150 
-66.02660 -2.86896 -47.42386 
-62.53421 -2.06850 -50.52638 
-184.19909 -152.24637 -5.12269 
-219.01971 -217.88503 -3.64766 
-212.42477 -207.98071 -5.36972 
-220.68798 -222.60492 -4.34160 
-214.93836 -211.47853 -4.44391 
-221.11429 -223.01760 -4.16962 
-4.93112 -168.97302 -192.33513 
-61.42044 -2.69320 -51.76075 
-4.04124 -226.91259 -222.77044 
-215.25691 -212.23697 -4.77439 
-56.52264 -1.87126 -56.40427 
-233.13019 -246.53871 -4.13943 
-6.83209 -270.65625 -241.80651 
-182.06240 -150.49095 -6.40326 
-220.04964 -222.03459 -4.61497 
-7.35922 -207.39052 -209.64418 
-51.71368 -3.85204 -62.21775 
-5.19682 -255.70483 -236.24319 
-4.94885 -161.37195 -188.62499 
-60.39327 -1.89267 -52.51218 
-70.41293 -5.06411 -44.00659 
-7.15439 -154.41643 -182.64947 
-204.27279 -189.51296 -3.97602 
-206.23858 -194.63032 -4.69755 
-55.84186 -3.56117 -57.90177 
-5.06312 -187.71132 -201.78151 
-50.20295 -2.87240 -63.09968 
-203.76838 -188.14871 -3.80989 
-190.11427 -167.86301 -7.05293 
-5.82666 -192.62686 -203.54235 
-69.07827 -7.69686 -46.99546 
-248.76497 -281.12856 -6.01156 
-226.97347 -234.37840 -4.14266 
-5.93211 -207.85909 -211.33760 
-67.87946 -3.75769 -45.94164 
-210.24560 -209.68754 -8.73033 
-53.58315 -2.52900 -59.65897 
-58.49248 -1.69448 -54.37931 
-8.22147 -297.88277 -254.53489 
-4.72685 -213.73954 -215.41496 
-4.84967 -231.68963 -224.41531 
-3.86381 -211.75930 -215.16305 
-181.86100 -148.88905 -5.73879 
-59.07042 -1.83460 -53.80506 
-69.87505 -4.34204 -44.22406 
-240.84974 -265.40569 -6.14873 
-5.41842 -188.31844 -201.90715 
-231.91969 -246.04016 -5.18785 
-60.36330 -5.30386 -54.33729 
-179.87670 -150.31837 -8.13554 
-53.72827 -2.29236 -59.47549 
-51.79062 -2.62767 -61.49239 
-5.40604 -162.14931 -188.51305 
-58.78313 -2.58576 -54.35895 
-5.14155 -211.48469 -213.85278 
-50.99405 -2.56775 -62.22484 
-246.30429 -276.79087 -6.14543 
-4.05355 -179.48142 -198.75201 
-5.63939 -195.73792 -205.43094 
-56.62666 -3.16163 -56.79822 
-215.15734 -211.26358 -4.20019 
-4.58203 -163.38008 -189.91418 
-190.24428 -166.13757 -6.27583 
-4.67266 -182.23819 -199.52052 
-51.04955 -1.64193 -61.68945 
-205.57363 -194.33812 -5.23541 
-8.82860 -231.67713 -220.46018 
-201.96551 -185.03118 -4.08602 
-62.21399 -1.73139 -50.62384 
-4.88553 -172.43110 -194.44508 
-5.99718 -236.31900 -225.52910 
-71.16819 -5.07625 -43.44523 
-4.53537 -216.12669 -216.92004 
-46.74646 -4.75763 -67.66365 
-203.77330 -191.30096 -5.25721 
-211.01258 -205.84157 -5.50040 
-213.25038 -207.37147 -3.97055 
-6.74595 -128.14262 -169.86036 
-5.81336 -173.06732 -193.84006 
-4.81007 -213.64474 -215.25095 
-4.45316 -197.38491 -207.44641 
-52.77478 -1.80029 -60.10860 
-5.90040 -304.28378 -260.09866 
-4.15943 -247.68569 -233.09460 
-8.38059 -175.47792 -191.91564 
-198.94050 -179.55612 -4.15673 
-216.81709 -215.87292 -4.72791 
-66.42285 -3.71667 -47.51463 
-63.06387 -3.46609 -50.68239 
-54.10427 -2.19708 -59.01300 
-7.21773 -279.15818 -245.91651 
-197.10413 -179.51721 -6.36997 
-5.71992 -188.73354 -201.58930 
-215.20668 -212.99069 -5.22758 
-56.03626 -1.48563 -56.59022 
-212.10820 -211.72695 -7.44346 
-4.61619 -214.37033 -215.86256 
-204.74353 -190.36475 -3.99163 
-51.65173 -3.87187 -62.14160 
-58.15619 -1.78025 -54.59370 
-58.58712 -2.60638 -54.60729 
-56.14350 -2.19148 -56.96072 
-4.89349 -226.97198 -221.90846 
-62.85659 -2.44136 -50.32108 
-203.26414 -190.51045 -5.73245 
-64.18097 -4.41701 -49.93858 
-7.47193 -253.54145 -232.94261 
-5.27834 -237.65040 -226.82243 
-56.26134 -1.40224 -56.32804 
-4.57038 -227.66092 -222.50651 
-216.70685 -216.43129 -5.51375 
-241.13714 -269.44553 -7.83718 
-4.58785 -199.34925 -208.30411 
-4.49975 -228.57818 -222.96852 
-251.35316 -287.20035 -6.61053 
-60.44722 -1.41531 -52.20628 
-65.95623 -3.65566 -47.77681 
-53.91327 -3.80373 -59.78046 
-55.87419 -2.33810 -57.25891 
-228.07989 -237.98144 -4.63917 
-5.11100 -218.37018 -217.12351 
-196.64691 -179.38359 -6.32773 
-61.61892 -2.88020 -51.78645 
-56.81770 -4.78684 -57.45353 
-8.60655 -305.39477 -258.28094 
-192.94184 -169.11664 -4.82049 
-241.95883 -266.85150 -5.54533 
-55.31916 -4.80359 -59.02021 
-53.79378 -1.23207 -58.74443 
-3.80501 -231.67730 -225.32985 
-69.35548 -5.15318 -45.17618 
-74.16850 -7.78276 -41.62704 
-64.06692 -2.61749 -49.22431 
-65.26428 -2.58354 -48.04320 
-5.56834 -250.91507 -233.37591 
-248.32077 -278.57388 -5.23890 
-4.59079 -183.09432 -200.03373 
-231.04586 -245.39901 -5.64288 
-58.82005 -1.13543 -53.73493 
-230.98151 -242.68024 -4.32420 
-5.63376 -240.02882 -228.01670 
-233.39092 -248.85349 -4.88533 
-241.17210 -269.20894 -7.79501 
-208.86847 -199.52995 -4.52054 
-63.75011 -2.45838 -49.38883 
-5.72784 -286.78948 -251.30419 
-241.64154 -271.88246 -8.26938 
-50.87324 -2.15575 -62.19167 
-60.80772 -3.90511 -52.93632 
-5.46896 -206.90854 -211.19672 
-6.28442 -195.57819 -204.26501 
-5.33440 -192.58126 -203.83477 
-205.64326 -191.89034 -3.77292 
-5.00753 -188.83603 -202.49694 
-7.02775 -208.01659 -210.20689 
-6.90772 -296.72127 -255.34785 
-5.23054 -162.18932 -188.72737 
-56.63405 -3.47673 -56.97457 
-48.18117 -4.82638 -66.23438 
-52.38226 -1.26961 -60.21764 
-4.44385 -249.56585 -233.89689 
-234.52402 -253.89158 -6.28846 
-50.90405 -2.83000 -62.36019 
-6.88514 -175.33641 -193.86085 
-9.09098 -164.75172 -185.84522 
-59.34515 -1.85925 -53.62977 
-232.10745 -244.59804 -4.10107 
-6.02282 -238.91644 -226.87004 
-238.93185 -262.41989 -6.10772 
-191.71413 -165.93041 -4.48569 
-51.55476 -1.99421 -61.32877 
-62.70504 -2.26761 -50.47393 
-200.84413 -182.88252 -4.02219 
-52.81258 -1.48836 -59.83453 
-65.17536 -3.58318 -48.60335 
-5.34144 -237.68888 -227.06908 
-220.88794 -222.85630 -4.43707 
-52.21345 -1.83226 -60.71157 
-55.72101 -1.69051 -57.12501 
-249.62546 -283.25730 -6.21275 
-61.24755 -2.04902 -51.71359 
-4.53207 -192.55518 -204.74366 
-60.55974 -3.03689 -52.91934 
-189.94700 -165.70468 -6.16878 
-7.59258 -208.28637 -209.98479 
-4.69342 -175.66359 -196.18599 
-6.37931 -166.99449 -190.22179 
-52.75937 -3.05821 -60.82933 
-222.88825 -226.11405 -4.00480 
-63.75938 -2.73074 -49.54046 
-50.07175 -2.06690 -62.95032 
-4.77464 -211.07676 -214.16504 
-62.89148 -3.66373 -50.91042 
-201.12519 -186.17573 -5.19256 
-5.43699 -189.38975 -202.14839 
-7.74245 -304.13801 -258.08673 
-186.30275 -160.47145 -7.19953 
-204.73336 -190.40371 -4.02979 
-5.17724 -257.15858 -236.98745 
-55.48269 -2.09996 -57.59808 
-180.76734 -153.83128 -9.17880 
-50.88140 -2.07640 -62.07407 
-230.77820 -241.93285 -4.08067 
-214.66946 -211.95907 -5.07216 
-4.85089 -259.36294 -238.37282 
-169.91794 -127.24729 -6.68425 
-6.19538 -291.62774 -253.43938 
-5.08449 -267.52738 -242.30679 
-7.31223 -225.24254 -218.25501 
-229.85090 -246.77591 -7.73913 
-218.38285 -216.92788 -3.82396 
-53.20794 -3.57255 -60.52063 
-72.00370 -6.03837 -43.10514 
-58.44946 -1.68378 -54.38016 
-4.84254 -266.73013 -241.97799 
-5.19831 -271.73924 -244.28789 
-222.40891 -227.84282 -5.05194 
-4.51961 -222.38515 -220.14712 
-6.26505 -285.71195 -250.50757 
-4.72525 -260.60785 -239.05906 
-48.43442 -3.28052 -65.25592 
-56.64404 -2.82387 -56.82931 
-4.76673 -225.14953 -221.04364 
-4.48273 -204.24190 -210.75637 
-59.82124 -2.54429 -53.51432 
-48.88768 -2.53359 -64.24075 
-224.28468 -228.98118 -4.00776 
-61.97902 -2.07328 -51.01755 
-54.62341 -3.16903 -58.91066 
-209.44802 -200.86274 -4.39645 
-57.52057 -2.67364 -55.84289 
-57.78911 -2.79677 -55.42707 
-243.01845 -275.54529 -8.62239 
-50.05530 -5.40954 -64.57895 
-5.55947 -175.91040 -195.57955 
-56.88570 -6.64319 -58.49265 
-202.60595 -188.06930 -4.95980 
-5.25847 -220.04607 -217.99323 
-4.70930 -177.05707 -196.63944 
-213.75176 -210.54485 -5.38603 
-59.46056 -1.18683 -53.10451 
-4.25375 -191.15376 -204.27210 
-59.23472 -2.86322 -54.01105 
-53.71046 -1.92469 -59.10636 
-59.10766 -3.17191 -54.28742 
-63.23546 -3.58080 -50.47165 
-5.37144 -162.65812 -188.93581 
-5.14066 -260.46174 -238.54299 
-208.87977 -203.18800 -6.45352 
-222.61755 -229.14818 -6.02921 
-195.83219 -173.61761 -4.42504 
-4.83919 -202.76851 -209.56930 
-62.82584 -1.66395 -49.95449 
-5.55575 -194.14769 -204.65040 
-227.20390 -237.14832 -5.03528 
-66.39067 -7.18046 -49.44250 
-6.62694 -304.00795 -259.05190 
-58.02367 -2.05453 -54.97179 
-5.26939 -153.22412 -184.29326 
-4.86530 -216.96266 -216.90206 
-4.39303 -244.70821 -231.52782 
-223.36103 -231.95607 -6.64685 
-238.30332 -263.21003 -7.32211 
-6.11726 -229.82299 -222.30635 
-60.39490 -1.37401 -52.19261 
-246.23583 -273.72265 -4.80615 
-180.78679 -148.59043 -6.74146 
-203.03421 -188.64644 -4.67692 
-212.56226 -207.17818 -4.72810 
-196.38159 -174.52224 -4.30803 
-8.13850 -300.29470 -255.93737 
-5.23352 -273.76350 -245.28867 
-54.70326 -1.37485 -57.88506 
-51.74156 -4.02148 -62.09790 
-5.49973 -222.53204 -219.05301 
-64.03872 -3.05097 -49.38842 
-10.19302 -214.03872 -209.87405 
-6.35849 -226.52543 -220.33829 
-238.31877 -262.28080 -6.65189 
-6.39847 -170.52712 -191.81068 
-205.38368 -191.90206 -4.08516 
-6.68779 -153.36756 -183.01452 
-8.37541 -217.94091 -214.20603 
-71.89948 -5.24582 -42.77132 
-7.10708 -282.45242 -247.87241 
-65.54163 -3.10981 -48.00988 
-191.17198 -168.77582 -6.67145 
-57.04165 -1.85797 -55.89279 
-6.95640 -243.16609 -228.41997 
-217.50689 -218.40478 -5.37907 
-6.59427 -227.79404 -220.28216 
-56.05521 -2.34822 -57.10209 
-51.45029 -2.81154 -62.01215 
-3.75678 -227.41304 -223.24461 
-59.76916 -1.53966 -52.98964 
-5.21635 -162.61926 -188.97921 
-51.21747 -3.98520 -62.60667 
-5.08866 -188.02894 -201.88432 
-51.69855 -1.88740 -61.14196 
-56.18015 -1.72778 -56.65764 
-185.95053 -160.66921 -7.71885 
-180.03394 -146.52818 -6.22766 
-4.37427 -202.67190 -209.96777 
-5.07213 -215.03895 -215.65865 
-216.74780 -214.46872 -4.31900 
-4.10369 -227.46122 -222.91501 
-242.48786 -268.82490 -6.23522 
-51.69765 -4.84633 -62.58906 
-48.58572 -2.41217 -64.55898 
-250.09616 -285.24117 -6.99917 
-62.90603 -2.07011 -50.10329 
-54.61881 -2.61375 -58.76628 
-54.24389 -4.53211 -60.02245 
-45.29065 -5.70098 -69.64209 
-55.71288 -1.07318 -56.76375 
-236.17080 -255.76589 -5.57395 
-200.45954 -184.64271 -5.14236 
-61.52405 -2.37887 -51.69586 
-4.41884 -253.45112 -235.80195 
-57.85556 -3.62323 -55.77267 
-206.64936 -195.28601 -4.76370 
-55.61940 -1.21113 -56.95066 
-53.85389 -3.80225 -60.09502 
-192.57677 -167.71282 -4.52227 
-60.83494 -3.12062 -52.68253 
-6.69709 -238.11736 -225.40821 
-54.40856 -3.14901 -59.26772 
-4.93284 -185.63099 -201.00427 
-57.60843 -2.09678 -55.36451 
-192.06375 -166.78062 -4.69911 
-5.88751 -173.64567 -193.89691 
-52.81064 -3.45340 -60.89461 
-4.99463 -248.36085 -232.65125 
-56.57517 -1.14946 -55.89493 
-54.83056 -2.91649 -58.67719 
-8.26075 -246.81778 -228.40780 
-6.01174 -257.20087 -235.84957 
-6.77583 -281.52185 -247.37752 
-207.07573 -195.91431 -4.40508 
-5.69969 -140.58577 -177.33243 
-4.95514 -274.71014 -245.97477 
-49.22015 -2.31635 -63.80532 
-53.84851 -1.28803 -58.78312 
-4.43516 -235.09808 -226.51603 
-6.16966 -234.84517 -224.54963 
-54.56144 -2.86178 -58.88319 
-51.43689 -1.97414 -61.51374 
-73.04695 -7.44969 -42.55895 
-239.40074 -264.74851 -7.39278 
-54.55181 -1.12786 -57.99468 
-7.22877 -178.50861 -194.86734 
-53.71617 -3.91883 -60.25322 
-226.09787 -234.01019 -4.62519 
-204.48302 -191.23426 -4.74240 
-233.68331 -249.03819 -4.89410 
-58.23230 -3.64792 -55.42260 
-5.27608 -154.89779 -185.13516 
-54.80734 -2.69874 -58.45005 
-246.11515 -274.92244 -5.34886 
-52.93264 -1.80414 -59.88557 
-4.94538 -241.14459 -228.87629 
-55.79952 -1.08024 -56.67254 
-204.56180 -190.41816 -4.22854 
-233.26593 -248.40102 -5.01238 
-54.44016 -0.94004 -57.97344 
-4.67212 -235.68743 -226.36971 
-53.79798 -2.15224 -59.13364 
-5.27711 -255.63608 -236.18937 
-52.81105 -2.32997 -60.27963 
-263.13041 -309.98483 -6.37553 
-201.44156 -184.37755 -4.16380 
-50.35750 -3.64188 -63.47270 
-5.08369 -238.79958 -227.55298 
-61.98777 -2.94000 -51.37456 
-5.38873 -145.34536 -180.11739 
-55.10576 -1.37240 -57.59568 
-4.64382 -237.93411 -227.82738 
-58.31503 -1.68728 -54.39209 
-200.99954 -187.93950 -6.49574 
-51.67536 -2.24567 -61.39403 
-58.09731 -1.69700 -54.61898 
-60.41875 -1.55598 -52.25420 
-56.88155 -1.92983 -56.03173 
-4.13764 -179.34980 -198.58494 
-5.84631 -273.46613 -244.37794 
-6.84610 -241.99257 -227.42617 
-68.51071 -5.67617 -46.49849 
-47.17215 -5.42570 -67.61713 
-50.86304 -2.08475 -62.12887 
-213.86751 -209.63962 -4.50306 
-4.95156 -266.69940 -241.81753 
-236.25615 -255.93855 -5.91670 
-59.66872 -2.64476 -53.70491 
-209.38967 -199.83790 -4.10283 
-56.67088 -1.17272 -55.86383 
-199.86413 -182.58667 -4.86655 
-6.57872 -176.89625 -194.59180 
-164.75661 -119.60757 -7.95834 
-4.45084 -197.96228 -207.47320 
-252.69237 -288.68718 -6.01290 
-6.26980 -255.15042 -234.81506 
-50.87427 -2.81467 -62.52276 
-243.30224 -268.68919 -5.34230 
-66.94269 -5.34872 -47.84065 
-4.78969 -228.63447 -222.95551 
-7.66478 -239.18869 -224.88520 
-55.26499 -1.81906 -57.65271 
-3.83314 -235.94985 -227.51952 
-52.03585 -1.57330 -60.63438 
-202.26480 -186.35279 -4.27712 
-58.32376 -2.84184 -55.03518 
-203.07007 -189.50237 -5.18321 
-223.66333 -228.08031 -4.12370 
-54.13989 -5.54800 -60.78892 
-60.64293 -2.51612 -52.68159 
-59.36181 -6.29319 -55.65983 
-198.84726 -179.88726 -4.58246 
-62.01828 -4.35600 -51.98890 
-5.90717 -196.45066 -205.26351 
-55.27929 -3.24754 -58.26296 
-54.30165 -1.69625 -58.56821 
-209.10062 -200.71976 -4.84391 
-255.17230 -293.49742 -5.81073 
-6.14340 -137.93002 -175.54363 
-7.70359 -280.15624 -246.18227 
-71.97353 -8.67656 -44.30684 
-3.62120 -210.74140 -214.95013 
-5.16357 -179.52461 -197.76229 
-5.31080 -261.64271 -238.85302 
-54.55947 -1.21320 -57.97215 
-64.51220 -3.40350 -49.14764 
-54.37026 -1.99842 -58.55495 
-216.81992 -219.06080 -6.54788 
-204.32458 -190.99592 -4.62956 
-204.09772 -192.40989 -5.36691 
-4.36018 -196.49756 -207.09522 
-6.21021 -220.36297 -217.28316 
-54.01883 -1.41737 -58.68445 
-6.61976 -280.68236 -247.09550 
-216.49869 -214.87683 -4.52266 
-59.26379 -1.35561 -53.38122 
-6.11984 -256.61412 -235.43226 
-8.49057 -267.69102 -238.72934 
-216.53516 -217.47486 -5.83112 
-52.69350 -4.73759 -61.56775 
-65.81421 -2.72866 -47.51789 
-59.11193 -3.05438 -54.27105 
-60.94660 -1.43818 -51.75893 
-47.38211 -4.85965 -67.15329 
-7.49226 -158.65792 -184.62622 
-65.28085 -3.64263 -48.47705 
-201.80507 -188.14993 -5.64959 
-5.37320 -147.86576 -181.27455 
-52.62653 -1.79668 -60.12206 
-50.18103 -2.10856 -62.76283 
-56.08582 -2.08704 -56.97795 
-60.89001 -3.21099 -52.65527 
-5.29439 -225.63277 -220.79841 
-4.12847 -231.62832 -224.95217 
-7.14060 -315.99761 -264.78767 
-225.70948 -231.76023 -4.05263 
-5.57815 -265.51431 -240.51144 
-220.82904 -222.02202 -4.06606 
-5.54791 -242.28076 -229.26138 
-4.80393 -229.46217 -223.39125 
-222.73106 -225.84104 -4.03850 
-8.51903 -247.49747 -228.55115 
-6.67119 -239.23149 -226.05108 
-62.91104 -2.41953 -50.17042 
-7.68287 -164.91555 -187.39495 
-258.34030 -299.75673 -5.88195 
-191.52096 -170.44158 -7.30289 
-212.40787 -207.62885 -4.92081 
-54.15889 -3.27651 -59.44398 
-234.26029 -251.63013 -5.81519 
-4.00010 -185.92185 -202.02470 
-59.56594 -1.99409 -53.49388 
-54.94804 -2.27045 -58.04203 
-244.17551 -274.95061 -7.17354 
-214.02574 -212.15770 -5.58867 
-211.67192 -204.20291 -4.01732 
-208.10988 -200.17956 -5.64585 
-55.51856 -1.31703 -57.06555 
-49.92108 -2.31360 -63.19240 
-231.25458 -244.06577 -4.77085 
-55.63062 -1.19297 -56.95771 
-51.57773 -3.47207 -62.13344 
-184.34748 -156.56757 -6.98823 
-55.39434 -1.65037 -57.32228 
-59.45732 -1.43311 -53.24398 
-5.11234 -180.39892 -197.88263 
-211.04645 -204.71151 -4.77536 
-58.72754 -4.69849 -55.62048 
-6.29377 -257.68643 -236.37975 
-60.98947 -3.49823 -52.83436 
-198.84028 -180.02663 -4.47705 
-62.68973 -3.14086 -50.72766 
-56.50443 -5.34613 -58.29966 
-61.68419 -1.83548 -51.19883 
-236.95733 -259.76329 -6.90944 
-4.17125 -231.10558 -224.71498 
-10.09849 -175.97456 -190.41053 
-4.42720 -188.88741 -202.93361 
-187.02733 -164.37606 -8.12577 
-229.62669 -239.47313 -4.09131 
-54.78656 -3.15066 -58.73036 
-61.11125 -2.66903 -52.25523 
-70.32919 -4.55608 -43.90548 
-197.10472 -178.64843 -5.54901 
-55.19215 -1.14907 -57.34235 
-226.75740 -238.68004 -6.17789 
-56.55859 -2.06842 -56.52018 
-221.69172 -229.48694 -7.24682 
-209.22395 -200.72928 -4.85470 
-5.30821 -270.47041 -243.33269 
-195.49057 -173.49939 -4.69477 
-4.24190 -236.82324 -227.57454 
-216.74122 -218.13005 -6.25885 
-48.18658 -2.29126 -64.86911 
-251.20053 -285.13349 -5.75899 
-205.85387 -198.44830 -7.26954 
-190.28414 -165.91527 -5.75278 
-225.43539 -236.30998 -6.30593 
-52.46442 -2.87755 -60.80180 
-229.99188 -240.27841 -4.13264 
-64.12004 -3.30640 -49.43985 
-5.48635 -205.55874 -210.60901 
-59.15771 -1.93925 -53.71448 
-231.35714 -250.37130 -7.71023 
-63.15002 -1.81931 -49.72197 
-64.79205 -3.05403 -48.81725 
-5.09027 -242.75714 -229.48411 
-4.40195 -230.28492 -224.15843 
-55.00447 -3.28116 -58.45251 
-49.77551 -1.94325 -63.11752 
-241.50530 -265.79452 -5.37374 
-5.00347 -204.06626 -209.95776 
-219.28924 -218.98282 -3.99864 
-229.26809 -239.30267 -4.17261 
-3.94720 -227.39616 -222.99632 
-266.45384 -317.52383 -6.76271 
-235.70621 -253.13034 -4.92832 
-5.03189 -231.40986 -224.01036 
-7.67573 -195.15113 -203.00541 
-5.87062 -149.90059 -182.02070 
-7.08340 -226.82884 -219.51997 
-62.88682 -4.78558 -51.32691 
-207.49247 -196.18250 -4.08856 
-50.83754 -3.02421 -62.61238 
-225.68889 -237.03986 -6.42025 
-199.70542 -181.53985 -4.44214 
-58.39743 -1.32790 -54.18088 
-4.59141 -195.48703 -206.29067 
-181.35614 -150.60254 -7.43159 
-57.02968 -2.69013 -56.31593 
-205.87465 -193.33990 -4.29232 
-4.49510 -181.19258 -199.00808 
-185.67055 -159.85450 -7.22207 
-54.45016 -2.34785 -58.73639 
-53.31325 -5.51270 -61.34408 
-5.37265 -227.14296 -221.44880 
-49.03536 -4.41797 -65.19529 
-4.97838 -241.65538 -229.05452 
-58.60215 -1.28369 -54.01325 
-223.01096 -227.85057 -4.95201 
-71.25164 -5.29668 -43.49290 
-4.14625 -190.84535 -204.25534 
-64.12998 -2.53439 -49.12869 
-58.71008 -5.10534 -55.66899 
-5.28929 -144.18325 -179.57676 
-183.97519 -156.17077 -7.24994 
-245.09390 -272.33366 -5.34058 
-3.90155 -234.05711 -226.42100 
-4.43650 -185.69712 -201.29281 
-56.28825 -1.84373 -56.51425 
-5.30627 -160.51650 -187.72253 
-204.00223 -192.96403 -6.13653 
-54.27345 -2.68634 -58.95159 
-3.79010 -203.32416 -210.98564 
-206.19297 -195.84684 -5.18180 
-213.68018 -208.05980 -3.90052 
-200.71825 -182.33658 -3.95562 
-5.07425 -230.19590 -223.48613 
-3.84268 -208.15708 -213.51566 
-6.26989 -260.16588 -237.46910 
-205.78810 -193.26059 -4.45087 
-207.61739 -199.15500 -5.47602 
-53.05636 -3.07248 -60.28949 
-62.71179 -4.35702 -51.28963 
-5.86124 -286.59177 -251.31002 
-5.45084 -197.02916 -205.94324 
-5.34924 -204.90510 -210.19545 
-217.48641 -216.79837 -4.59233 
-198.28873 -179.11682 -4.57335 
-5.48341 -190.14350 -202.42304 
-57.78839 -1.32926 -54.79984 
-205.40622 -200.21224 -7.87189 
-6.01166 -251.44709 -233.10362 
-204.00720 -190.73838 -4.92782 
-57.75404 -1.79699 -55.05330 
-5.40295 -173.82517 -194.53531 
-231.29654 -243.51865 -4.49403 
-63.48291 -5.19799 -51.18533 
-4.14452 -185.55013 -201.78544 
-206.20711 -195.13127 -4.69003 
-65.12474 -2.29760 -48.01062 
-221.73811 -227.21352 -5.48799 
-55.84204 -1.96632 -57.19479 
-5.39275 -166.68603 -190.98430 
-211.00756 -202.79810 -3.97825 
-6.18013 -130.81634 -171.98643 
-236.51967 -256.45099 -5.50603 
-4.14774 -203.13866 -210.69946 
-58.92219 -2.79518 -54.42332 
-238.93424 -258.70026 -4.44182 
-243.02785 -267.11061 -4.63137 
-67.19203 -5.49676 -47.58278 
-4.81757 -215.92091 -216.20824 
-251.46590 -291.79359 -8.65565 
-218.18173 -219.80732 -5.59260 
-197.40701 -176.28689 -4.12991 
-5.30622 -228.87785 -222.55842 
-50.54991 -2.96519 -62.80874 
-181.96743 -149.44853 -5.75055 
-55.82138 -1.59884 -57.00202 
-234.17029 -250.99057 -5.15624 
-46.42306 -3.02156 -67.02006 
-70.40242 -4.43778 -43.83765 
-58.36011 -2.59054 -54.89252 
-57.90135 -1.67182 -54.88284 
-4.98717 -212.62985 -214.65769 
-3.80051 -232.48600 -225.79877 
-4.38940 -219.07409 -218.20890 
-5.79914 -152.85508 -183.36370 
-6.63710 -184.43542 -198.59615 
-6.44354 -138.02027 -175.20541 
-4.74315 -226.55580 -221.88626 
-218.59182 -218.49470 -4.58671 
-183.03911 -150.69777 -5.61287 
-5.32934 -159.61655 -187.28225 
-217.91291 -216.63820 -4.00397 
-59.94846 -1.96273 -52.91713 
-4.96169 -209.13468 -212.69698 
-246.28025 -275.40124 -5.59770 
-8.01810 -211.90576 -211.35321 
-7.03604 -215.18358 -213.64954 
-63.67606 -6.38888 -51.72493 
-215.46260 -211.01837 -3.81071 
-7.05960 -136.00054 -173.59427 
-58.65827 -4.82355 -55.62511 
-216.31764 -215.29399 -5.20342 
-4.36623 -222.96401 -220.25643 
-9.04812 -322.95922 -266.69809 
-213.92001 -208.52787 -3.88742 
-6.58207 -214.83954 -213.70234 
-189.97543 -164.06846 -5.59501 
-4.02006 -179.07664 -198.49718 
-255.72399 -302.19039 -9.65900 
-5.74889 -262.49852 -239.19988 
-5.00665 -168.95678 -192.42353 
-222.87920 -229.78396 -5.88712 
-4.66665 -201.27506 -209.04529 
-231.37432 -248.19441 -6.83869 
-4.14656 -185.23427 -201.60902 
-59.97643 -1.56235 -52.79444 
-4.48332 -225.84054 -221.85091 
-56.43896 -5.24568 -58.28016 
-6.02874 -277.87162 -246.37695 
-4.70291 -233.32869 -225.44095 
-61.95088 -3.61416 -51.81961 
-54.21636 -1.53081 -58.41212 
-5.36903 -177.70408 -196.23640 
-7.14560 -226.17766 -219.02509 
-5.72968 -220.06278 -217.71954 
-4.20421 -189.64332 -203.78783 
-74.58208 -7.27775 -41.13858 
-53.49306 -4.06587 -60.37428 
-48.90626 -3.33195 -64.74370 
-5.92761 -202.95844 -208.97647 
-68.25569 -5.40787 -46.31865 
-5.60194 -245.73568 -230.76256 
-55.29904 -1.75541 -57.47707 
-55.36588 -1.73930 -57.46933 
-59.28545 -2.73047 -54.17948 
-202.30491 -187.29363 -4.79123 
-4.70158 -223.53791 -220.33956 
-59.84092 -1.51724 -52.90379 
-6.11793 -221.11377 -217.81760 
-227.85048 -237.11648 -4.62583 
-7.53417 -277.20462 -244.99808 
-7.69149 -299.59154 -255.83179 
-55.86064 -4.94679 -58.60698 
-55.41279 -1.39076 -57.16424 
-214.10876 -214.57690 -6.52914 
-210.72970 -206.51908 -6.26577 
-219.13295 -222.39883 -5.71220 
-52.51773 -2.85609 -60.95978 
-185.49419 -156.42854 -5.78889 
-239.19790 -262.16816 -5.79376 
-59.36682 -2.08564 -53.71883 
-61.40572 -2.77062 -52.03389 
-58.42629 -2.29043 -54.62874 
-244.37590 -271.51338 -5.51080 
-212.43431 -208.64140 -5.29753 
-7.65173 -118.43975 -164.21473 
-61.57852 -2.09977 -51.34814 
-227.07521 -236.77477 -5.35998 
-206.79750 -199.89930 -7.09455 
-4.47012 -243.47195 -230.54653 
-5.87565 -148.59047 -181.12602 
-4.87093 -248.74261 -233.10433 
-233.28988 -253.85475 -8.07126 
-226.36371 -233.29896 -4.23763 
-4.34744 -232.22691 -225.26542 
-65.82555 -3.30362 -47.78873 
-228.31407 -240.82549 -6.23139 
-204.26913 -189.57563 -3.97821 
-54.18485 -3.26977 -59.52954 
-8.02357 -212.03952 -210.82946 
-64.63467 -3.91156 -49.41450 
-234.44105 -253.88633 -6.43785 
-189.71226 -163.15190 -5.09347 
-5.68038 -223.99191 -219.45288 
-55.15135 -1.25267 -57.43525 
-212.10610 -205.96424 -4.60784 
-207.57789 -196.96767 -4.39797 
-68.53063 -4.95549 -45.83216 
-6.83813 -212.16925 -212.74938 
-59.28110 -1.49712 -53.47119 
-9.71138 -353.08099 -280.70106 
-7.30829 -221.15093 -216.20591 
-216.71125 -214.88211 -4.30350 
-51.14707 -4.72994 -63.31000 
-6.34404 -208.63324 -210.96781 
-53.74183 -2.35237 -59.28275 
-6.90217 -244.57480 -228.46411 
-7.80211 -145.00804 -177.61521 
-51.74248 -4.41651 -62.25367 
-189.95546 -163.99744 -5.44424 
-45.97529 -5.10403 -68.55346 
-3.92930 -222.37878 -220.50148 
-237.10734 -256.88304 -5.37321 
-63.86484 -2.94093 -49.68059 
-4.96632 -273.52666 -245.50995 
-3.69192 -224.06678 -221.61833 
-252.85463 -293.81605 -8.57687 
-7.54907 -276.26174 -244.31751 
-5.17846 -275.43540 -246.11569 
-5.46418 -274.32800 -245.49479 
-51.81178 -4.28476 -62.27734 
-238.77627 -259.05515 -4.82507 
-4.17079 -195.12977 -206.55965 
-4.65595 -175.62955 -196.23092 
-51.61900 -1.48577 -61.05412 
-46.74867 -3.17246 -66.73207 
-212.04050 -206.11047 -4.82569 
-216.81260 -214.58862 -4.26401 
-211.20822 -204.15404 -4.41766 
-223.86671 -229.95320 -5.05006 
-7.90790 -329.86829 -270.93385 
-192.41555 -166.75942 -4.32828 
-234.27645 -252.28601 -5.90105 
-58.26338 -2.11989 -54.73408 
-4.50656 -240.93735 -229.48685 
-51.47059 -1.84103 -61.38240 
-213.69532 -210.07260 -4.84256 
-195.74793 -174.62232 -4.91850 
-46.22212 -3.33490 -67.32293 
-231.74072 -249.80642 -7.54141 
-6.16732 -244.35089 -229.61951 
-7.07373 -201.98966 -206.78216 
-202.58284 -189.30012 -5.50453 
-252.13033 -288.95199 -6.75304 
-228.79252 -240.02854 -5.04306 
-60.03038 -2.60981 -53.29279 
-56.75396 -1.44937 -55.98693 
-4.75080 -184.59412 -200.39336 
-219.86940 -220.22015 -3.92883 
-248.06234 -280.31787 -6.13581 
-5.63047 -258.24499 -237.23019 
-211.97095 -204.45185 -3.81754 
-7.94082 -208.94900 -209.37616 
-192.50787 -169.27745 -5.36360 
-194.70775 -172.15630 -4.88197 
-4.37058 -214.03973 -216.02862 
-52.34882 -1.63839 -60.38811 
-4.35157 -257.29124 -237.76256 
-205.02178 -191.10996 -4.16820 
-61.44312 -1.84154 -51.48984 
-230.75644 -243.95345 -5.31006 
-6.02623 -186.63862 -200.35080 
-228.54625 -239.59294 -5.04007 
-198.67352 -179.28788 -4.34346 
-236.00595 -253.81548 -4.85152 
-215.09473 -212.23708 -4.58887 
-4.98702 -225.69307 -221.02490 
-79.39170 -9.86832 -37.62076 
-5.76067 -256.34667 -235.89662 
-5.10076 -178.69234 -197.37581 
-200.97152 -189.21469 -7.38961 
-4.87547 -242.87582 -230.12958 
-5.78239 -237.77237 -226.46634 
-54.07155 -2.23984 -59.09680 
-54.61511 -1.76385 -58.28852 
-54.01588 -1.93435 -58.98082 
-187.54727 -160.15216 -5.99427 
-51.74072 -1.86478 -61.13541 
-4.07994 -201.24162 -209.74482 
-195.35551 -172.22958 -4.11424 
-51.86269 -3.00198 -61.58314 
-54.34342 -1.70664 -58.39222 
-4.74516 -224.19998 -220.79065 
-238.99945 -260.81523 -5.39318 
-7.56702 -148.27459 -179.58653 
-233.84099 -249.28492 -4.62100 
-208.59304 -199.25818 -4.51713 
-54.81123 -2.30530 -58.26682 
-48.84708 -3.92253 -64.99561 
-4.76502 -163.89309 -189.99052 
-52.87995 -1.61316 -59.91354 
-59.84189 -5.55689 -54.70182 
-5.32979 -165.28040 -190.05410 
-187.96193 -160.40297 -5.53603 
-216.66966 -218.09165 -5.96583 
-203.18079 -189.54306 -5.15199 
-180.61294 -146.09115 -5.77430 
-57.30455 -2.99437 -56.08466 
-5.34137 -182.74495 -199.18738 
-197.87283 -176.79537 -3.96273 
-201.05547 -183.75026 -4.37154 
-4.64270 -212.68574 -214.82626 
-200.86357 -189.04233 -6.97029 
-62.27415 -1.53699 -50.45263 
-52.00047 -1.28424 -60.58591 
-51.99305 -4.02348 -61.92257 
-151.73386 -99.93799 -10.99156 
-4.35777 -212.98271 -215.48723 
-7.24717 -173.47178 -192.09986 
-216.08009 -212.72115 -3.95364 
-66.28927 -4.75500 -48.17763 
-58.94076 -2.83508 -54.36586 
-236.17293 -261.34656 -8.23216 
-57.59748 -2.12108 -55.40116 
-4.28360 -179.80983 -198.64098 
-5.18145 -247.17058 -231.88495 
-223.63146 -234.47759 -7.08069 
-5.02185 -237.86383 -227.10387 
-60.48090 -1.71754 -52.41273 
-234.24096 -249.23201 -4.47663 
-201.52235 -184.95638 -4.39115 
-55.68826 -1.12659 -56.82898 
-3.76371 -203.12878 -210.95103 
-5.85487 -234.91858 -224.76855 
-5.27176 -195.01613 -205.40495 
-63.49029 -5.54602 -51.10095 
-55.25557 -3.55648 -58.51026 
-185.06953 -153.49773 -5.02372 
-232.72690 -250.39579 -6.58473 
-9.51736 -186.34095 -196.42705 
-5.58712 -179.28768 -197.28908 
-194.59015 -174.88293 -6.09112 
-4.70280 -165.95781 -191.08251 
-231.47102 -243.90176 -4.48588 
-6.29962 -181.71097 -197.63190 
-57.20702 -1.05104 -55.25861 
-6.22963 -288.85978 -251.75590 
-50.93691 -3.24495 -62.59083 
-8.75591 -280.64544 -244.89266 
-54.84551 -2.22704 -58.17155 
-191.66666 -165.89652 -4.75005 
-229.38751 -242.28645 -5.43066 
-203.30958 -190.40036 -5.61440 
-58.35714 -3.77458 -55.36282 
-250.00701 -288.00756 -8.55079 
-5.37455 -202.84980 -208.97107 
-5.76847 -180.55123 -197.45671 
-5.17677 -208.62623 -212.48599 
-203.34053 -189.15261 -4.63853 
-56.39990 -3.26044 -57.14385 
-256.28159 -300.88511 -8.16544 
-204.51189 -193.14763 -5.60799 
-225.86254 -232.06312 -4.06256 
-50.02259 -2.72856 -63.28032 
-233.75297 -250.02526 -5.20833 
-197.19154 -180.51549 -6.56774 
-57.98895 -2.40284 -55.16084 
-61.76514 -1.97105 -51.15458 
-4.11845 -234.40724 -226.41287 
-5.12444 -149.37924 -182.35781 
-5.17056 -177.14355 -196.15373 
-5.19010 -183.05503 -199.54641 
-5.91482 -275.62525 -245.60556 
-210.61041 -203.19063 -4.66678 
-5.62984 -196.22214 -205.43196 
-5.19812 -254.03644 -235.31577 
-52.50957 -2.38195 -60.59639 
-56.07908 -1.83504 -56.68042 
-241.73467 -270.15565 -7.15546 
-3.75028 -215.07403 -217.02994 
-51.14932 -3.27692 -62.51389 
-198.28912 -178.57622 -4.54825 
-58.39210 -2.49438 -54.82834 
-232.48120 -249.67599 -6.24422 
-201.76639 -184.72645 -4.09866 
-5.50850 -150.36756 -182.57622 
-232.01514 -247.93284 -5.92076 
-229.49797 -242.17795 -5.47025 
-252.78457 -288.50874 -5.82169 
-53.01034 -2.51383 -60.19080 
-4.21730 -210.67023 -214.23257 
-3.91412 -202.02255 -210.14985 
-65.98260 -2.66619 -47.34241 
-5.00519 -257.04264 -236.89755 
-212.06903 -205.55221 -4.33929 
-7.17169 -258.88949 -235.52101 
-51.27297 -3.84124 -62.58017 
-55.87470 -2.60029 -57.40670 
-221.79287 -224.09710 -3.97369 
-53.36880 -3.59881 -60.31556 
-230.07161 -243.45749 -5.46914 
-185.28921 -154.77011 -5.22567 
-211.94346 -212.50712 -7.80740 
-212.62212 -207.91522 -5.23202 
-4.67845 -251.95008 -234.88989 
-5.56169 -254.78584 -235.17347 
-4.67761 -196.26282 -206.46262 
-222.31066 -227.47807 -5.31177 
-60.09052 -1.72879 -52.73961 
-4.74329 -195.47193 -205.97021 
-5.62859 -203.43104 -208.99368 
-5.31937 -232.72058 -224.56479 
-4.19607 -173.99658 -195.73947 
-56.63111 -1.43183 -56.11029 
-53.24981 -1.70788 -59.62699 
-52.86782 -1.90292 -59.98254 
-59.61293 -1.27293 -52.97795 
-220.32242 -222.65469 -4.60150 
-196.11600 -174.37858 -4.62324 
-208.67442 -198.55974 -4.05709 
-44.63779 -3.82807 -69.22938 
-205.23135 -195.67943 -6.25852 
-55.87473 -1.55526 -56.87630 
-5.55871 -240.48640 -228.37326 
-240.49298 -264.91874 -6.13272 
-58.43395 -4.16889 -55.48097 
-11.05887 -374.01637 -290.51068 
-222.91179 -227.58743 -4.91662 
-205.64005 -202.46654 -9.45819 
-214.17020 -215.16422 -6.99407 
-6.05523 -213.41029 -213.92514 
-186.22522 -156.19481 -5.06085 
-4.11099 -250.23129 -234.48484 
-53.43300 -1.16687 -59.09691 
-5.38580 -223.54633 -219.68299 
-221.82263 -225.78205 -5.00574 
-209.43319 -202.53986 -5.60241 
-58.42413 -1.53068 -54.37506 
-207.07458 -200.04889 -6.55907 
-65.99226 -4.49269 -48.29981 
-209.28316 -199.17485 -3.84438 
-211.92289 -205.13453 -4.16204 
-249.24094 -281.24254 -5.48284 
-51.20664 -1.78817 -61.64841 
-215.61628 -212.56226 -4.32926 
-60.86443 -2.46827 -52.28538 
-6.23375 -245.64069 -230.31414 
-176.47750 -139.65987 -6.39438 
-5.71321 -235.37884 -225.54273 
-4.45748 -228.35733 -222.96789 
-241.03642 -263.70738 -4.89961 
-4.49531 -241.55570 -229.55734 
-230.75021 -242.70987 -4.64455 
-56.57096 -6.09264 -58.41649 
-208.24859 -198.15474 -4.30062 
-3.96892 -219.42911 -219.03936 
-236.28259 -261.19578 -8.69391 
-241.00478 -272.35910 -9.18888 
-56.91207 -2.28501 -56.09607 
-239.36202 -259.71989 -4.48565 
-4.34627 -229.85255 -223.85737 
-4.37425 -233.31396 -225.55283 
-56.76571 -2.09741 -56.22406 
-227.28582 -239.03209 -6.03657 
-8.36447 -323.51043 -267.13532 
-6.32740 -225.85755 -219.60151 
-211.11049 -206.59583 -6.15384 
-58.01270 -1.09348 -54.43634 
-6.03689 -265.80482 -240.19508 
-4.58766 -176.52966 -196.49832 
-195.82249 -175.77779 -5.37879 
-195.12447 -172.70359 -4.77092 
-226.47553 -235.90079 -5.23741 
-5.22797 -226.83248 -221.71249 
-4.90340 -176.79229 -196.50297 
-195.94203 -173.79493 -4.45646 
-58.50122 -2.82449 -54.83317 
-210.77577 -204.73873 -5.08106 
-6.83113 -284.94933 -249.11887 
-4.47290 -180.44217 -198.80011 
-11.39883 -115.41909 -159.05569 
-4.86584 -211.75747 -213.98310 
-58.92094 -3.61679 -54.67410 
-57.08028 -4.26761 -56.96892 
-6.51694 -245.96340 -230.17006 
-59.23148 -1.89063 -53.61962 
-5.07964 -251.04277 -234.09715 
-57.71630 -3.60702 -56.17307 
-177.96329 -143.22795 -6.80817 
-276.76988 -344.27684 -9.77500 
-4.31747 -194.25311 -205.87977 
-215.21281 -216.50026 -6.37910 
-67.58687 -5.25777 -47.15476 
-6.79020 -229.64567 -221.50755 
-215.43166 -211.63207 -3.98269 
-5.06121 -171.64405 -193.69435 
-6.13634 -165.02627 -189.31603 
-7.15539 -222.39439 -217.56526 
-4.18665 -223.28851 -220.79726 
-5.17031 -276.03110 -246.39854 
-5.83423 -208.67794 -211.49195 
-6.24564 -246.69852 -230.66322 
-59.56181 -1.10824 -52.95338 
-231.13684 -247.08725 -6.56897 
-232.40218 -248.99198 -6.36580 
-62.80762 -3.65071 -51.04442 
-4.98020 -251.97567 -234.27083 
-5.06325 -185.31290 -200.82697 
-6.63352 -177.60821 -195.31849 
-53.83375 -3.66894 -59.77980 
-59.11965 -1.66396 -53.57569 
-5.16223 -265.05293 -240.76748 
-194.38732 -173.32345 -5.57690 
-4.59436 -224.25634 -220.74239 
-218.53710 -223.50631 -6.63300 
-58.04212 -3.00632 -55.34604 
-190.11610 -164.08723 -5.45888 
-232.94909 -246.80176 -4.52958 
-61.71167 -2.83628 -51.57655 
-3.65658 -198.27996 -208.57934 
-209.00837 -198.93345 -4.01905 
-4.86668 -248.26881 -232.83426 
-4.11849 -230.28494 -224.40209 
-3.77435 -212.82193 -215.87295 
-201.33325 -184.54339 -4.48303 
-55.16936 -1.94956 -57.75747 
-56.12341 -2.63488 -57.10318 
-56.15672 -2.88631 -57.09363 
-192.40576 -167.33650 -4.52554 
-59.77924 -2.23886 -53.18836 
-4.14574 -216.91627 -217.44060 
-5.35114 -204.17571 -209.91841 
-235.49840 -255.00716 -6.23450 
-55.51772 -2.28450 -57.69292 
-59.89849 -1.60081 -52.93392 
-190.76715 -165.54285 -5.20762 
-181.28766 -152.89791 -8.29581 
-60.28283 -2.15929 -52.74247 
-60.72412 -2.21728 -52.32138 
-65.99525 -3.64608 -47.89722 
-245.18583 -274.37032 -6.17605 
-245.12787 -271.96463 -4.95058 
-3.99262 -216.22431 -217.25136 
-239.29238 -261.40515 -5.54342 
-3.81949 -201.75492 -210.14033 
-58.45577 -2.42129 -54.63212 
-62.79896 -3.17670 -50.84117 
-207.29675 -198.63725 -5.85048 
-226.94314 -235.63105 -4.90195 
-228.11832 -239.67520 -5.57466 
-4.60220 -242.41154 -230.02369 
-3.89601 -193.62731 -205.95056 
-4.93888 -173.83484 -194.91929 
-61.65967 -1.96204 -51.31871 
-63.10372 -2.86678 -50.20498 
-9.18004 -292.23901 -251.05531 
-5.02177 -256.82770 -236.74334 
-55.36140 -2.21781 -57.77467 
-61.08517 -2.86910 -52.39074 
-209.89640 -202.63872 -5.06504 
-206.40029 -193.64687 -3.87070 
-178.31541 -143.18284 -6.44284 
-260.42934 -306.53537 -7.12285 
-209.88075 -201.83873 -4.49942 
-4.36423 -200.32819 -208.88418 
-201.14258 -185.30772 -4.91716 
-5.12992 -241.20997 -228.73044 
-57.00686 -2.00816 -55.90830 
-183.49143 -155.39561 -7.23183 
-217.65547 -216.55902 -4.51541 
-230.65493 -241.86527 -4.20311 
-207.96901 -196.60418 -3.99519 
-4.36628 -245.47526 -231.77902 
-219.71812 -220.06821 -3.95725 
-255.40763 -298.38392 -8.07670 
-9.86219 -152.38763 -178.88844 
-56.68384 -1.76381 -56.16149 
-5.32781 -256.78407 -236.66653 
-4.39951 -215.40460 -216.39350 
-59.88802 -2.19976 -53.26905 
-60.64120 -2.94089 -52.80448 
-7.00613 -228.54615 -220.32805 
-5.08521 -258.23712 -237.52316 
-62.59713 -3.67631 -51.29479 
-61.02033 -1.55435 -51.71259 
-57.82344 -1.03705 -54.66420 
-53.98240 -2.49892 -59.09269 
-58.37443 -2.15046 -54.61276 
-233.64154 -248.33631 -4.60255 
-5.24761 -180.49503 -198.04235 
-227.45509 -238.54630 -5.51377 
-4.26103 -245.37468 -231.78161 
-206.69019 -194.17283 -3.91839 
-211.42940 -204.64117 -4.64953 
-56.55308 -2.76204 -56.77433 
-6.05852 -275.38729 -245.01325 
-218.84820 -218.83328 -4.17323 
-193.20408 -170.30251 -5.23536 
-51.56881 -2.96275 -61.78121 
-4.39445 -232.73377 -225.24222 
-49.02302 -5.04533 -65.63224 
-197.09545 -175.81353 -4.24338 
-5.90841 -223.74623 -219.10752 
-6.00750 -252.61090 -233.60100 
-5.95451 -266.05441 -240.55315 
-182.33310 -148.84571 -5.22834 
-55.34235 -5.72505 -59.32078 
-7.19641 -146.65272 -178.63573 
-6.45599 -292.92843 -253.82287 
-5.83606 -256.61150 -236.25509 
-59.61982 -2.73311 -53.80569 
-195.45365 -178.60227 -6.99501 
-4.33807 -248.52500 -233.31753 
-232.14373 -249.57728 -6.33921 
-6.11894 -278.54400 -246.55605 
-53.12916 -2.83151 -60.10891 
-4.99728 -216.98133 -216.96978 
-194.01476 -170.07382 -4.39473 
-200.43372 -185.16760 -5.85471 
-212.99176 -205.94878 -3.66668 
-224.47631 -231.01981 -5.09512 
-224.42054 -235.02175 -6.66975 
-201.55305 -185.94367 -4.75179 
-207.24315 -195.13376 -3.80103 
-6.61533 -218.07900 -215.80647 
-55.06774 -1.19906 -57.47488 
-51.49084 -3.80039 -62.45071 
-58.90975 -1.43957 -53.82630 
-5.08810 -218.57658 -217.52114 
-48.37014 -3.39038 -65.35039 
-5.99252 -154.11301 -183.81582 
-61.80314 -2.96014 -51.62220 
-165.91481 -120.66246 -7.28368 
-7.46161 -181.86191 -196.39719 
-236.23954 -254.07311 -4.83097 
-216.37060 -215.63034 -5.07078 
-54.64137 -1.59949 -58.01598 
-64.24004 -3.95521 -49.69221 
-63.79377 -4.32788 -50.35459 
-4.24304 -181.99827 -199.76003 
-5.35316 -244.91526 -230.65937 
-56.89365 -1.55336 -55.86765 
-210.91640 -211.16120 -8.69442 
-198.71235 -182.07017 -5.79239 
-226.40560 -233.34476 -4.01124 
-54.94212 -1.33151 -57.68099 
-4.41361 -194.26593 -205.96802 
-180.71651 -154.15509 -9.19739 
-6.21038 -142.81262 -177.79331 
-4.54805 -223.94390 -220.84706 
-59.51419 -2.70486 -53.72615 
-246.62827 -279.84692 -7.50275 
-234.23331 -251.88846 -5.70605 
-9.49642 -197.88104 -202.59728 
-230.43460 -241.85993 -4.27719 
-232.82176 -252.82938 -7.33603 
-197.82883 -179.60902 -5.64395 
-223.34562 -226.68226 -3.85348 
-47.59433 -4.45177 -66.46032 
-3.90263 -227.07213 -222.84909 
-4.26816 -204.63332 -211.29148 
-62.65751 -6.07705 -52.49715 
-4.51457 -240.05492 -229.02345 
-191.95371 -173.44094 -7.82378 
-228.21306 -237.10109 -4.35155 
-7.14904 -233.89507 -223.27708 
-54.90316 -2.18192 -58.08928 
-211.38900 -205.96722 -5.25334 
-212.43011 -209.16144 -6.13655 
-3.69970 -203.63274 -211.21081 
-3.87371 -214.75472 -216.69728 
-8.23439 -113.18081 -161.02711 
-224.20912 -235.67517 -7.80428 
-4.70276 -245.20728 -231.13404 
-8.39716 -282.00500 -246.24070 
-6.12803 -261.50754 -238.18430 
-244.49642 -270.63488 -4.91307 
-49.13378 -2.66984 -64.06534 
-7.62620 -314.42339 -263.69102 
-3.88050 -195.48621 -206.90149 
-207.89235 -199.65762 -5.27554 
-214.90898 -213.74935 -5.40078 
-4.90964 -168.46512 -192.27839 
-225.61885 -231.35529 -3.91956 
-7.85489 -276.79048 -243.86783 
-5.88728 -215.55846 -214.94501 
-5.57775 -195.30937 -205.45530 
-226.52921 -234.44567 -4.56026 
-11.37950 -99.61646 -150.86481 
-222.98795 -226.14741 -3.81052 
-201.82960 -192.09462 -7.60220 
-6.63536 -214.22130 -213.93051 
-247.37094 -280.19248 -6.96814 
-5.27094 -226.54440 -221.09707 
-59.83475 -2.42320 -53.26663 
-256.50394 -296.01700 -5.92760 
-5.56112 -179.27746 -196.84553 
-4.30819 -173.32568 -195.35382 
-183.10835 -154.70541 -7.27502 
-8.99987 -120.83951 -163.93217 
-5.58028 -242.47324 -229.16366 
-5.98368 -190.43724 -202.42841 
-63.64041 -2.35863 -49.49991 
-56.05936 -1.82696 -56.71602 
-210.38858 -202.41683 -4.37763 
-234.40027 -249.05838 -4.12864 
-4.60493 -191.91432 -204.27519 
-5.27982 -204.61228 -210.19542 
-60.88030 -5.16441 -53.54720 
-3.92621 -224.74269 -221.76076 
-55.40928 -1.49784 -57.29538 
-222.22596 -224.69542 -4.01291 
-5.56929 -180.61088 -197.60294 
-4.41479 -179.00268 -198.04686 
-4.83865 -241.13103 -229.21133 
-207.82244 -197.61050 -4.41791 
-3.89612 -217.30793 -218.09637 
-58.16144 -2.05128 -54.73995 
-67.68255 -7.50231 -48.28760 
-169.36577 -125.39951 -6.37636 
-195.31371 -174.10395 -4.95172 
-227.46897 -237.82253 -5.09157 
-69.07918 -7.62566 -46.71430 
-5.79462 -155.76049 -184.93939 
-208.42499 -202.29831 -6.41787 
-4.16885 -202.29074 -210.16952 
-55.86231 -4.51895 -58.19201 
-5.64213 -176.10157 -195.36549 
-221.33399 -224.10313 -4.45528 
-62.72594 -3.83714 -51.08110 
-4.64256 -160.35243 -188.37468 
-4.23216 -200.37136 -209.16104 
-56.56048 -1.86511 -56.32409 
-192.13624 -166.88512 -4.74176 
-216.03419 -214.76430 -4.93128 
-236.93159 -258.41947 -6.62168 
-5.85826 -296.61756 -256.24568 
-5.33203 -208.54409 -211.86887 
-211.56856 -206.20426 -5.13801 
-59.85945 -1.31530 -52.72903 
-245.25308 -274.68147 -6.54835 
-60.12298 -1.92801 -52.87198 
-183.36817 -153.40325 -6.65706 
-6.08699 -264.68051 -239.70501 
-191.65669 -165.81967 -4.46905 
-57.56194 -2.74809 -55.68723 
-252.51046 -296.68755 -10.26467 
-5.15129 -212.86212 -214.40129 
-188.19295 -159.09884 -4.62802 
-10.57262 -200.15541 -202.82945 
-4.49527 -210.27363 -213.75504 
-206.30151 -196.71450 -5.60032 
-54.06820 -3.05964 -59.40792 
-209.87922 -200.67055 -4.04035 
-236.84912 -255.34723 -4.99020 
-224.83555 -239.93580 -8.96714 
-229.18167 -239.85247 -4.66158 
-8.56047 -142.73494 -175.76678 
-6.10731 -280.03407 -247.39158 
-198.75874 -179.98253 -4.80058 
-217.52470 -217.98806 -5.35509 
-207.68493 -207.24192 -9.20484 
-232.34443 -246.73757 -5.02889 
-4.30133 -247.75204 -232.94783 
-45.77416 -3.27271 -67.78892 
-5.46741 -228.97966 -222.50381 
-5.24825 -214.39894 -215.22019 
-4.50815 -254.85621 -236.30831 
-207.75107 -196.39143 -4.10510 
-58.04361 -1.34102 -54.52031 
-59.80975 -2.05574 -53.24181 
-61.55693 -2.79919 -51.93511 
-153.25947 -98.66199 -8.91311 
-57.90140 -2.01653 -54.99859 
-50.51721 -2.84129 -62.81646 
-6.24921 -161.65041 -187.47743 
-5.86934 -230.52264 -222.71114 
-49.94668 -2.56720 -63.27091 
-62.22383 -2.86699 -51.17364 
-252.25008 -288.15981 -5.95827 
-6.57383 -264.56880 -238.95271 
-4.89030 -151.51883 -183.65214 
-195.41467 -176.44785 -6.24050 
-52.57271 -2.53467 -60.67997 
-58.03754 -2.84180 -55.38591 
-210.13635 -202.89701 -4.76298 
-205.97853 -202.18304 -8.68742 
-52.42827 -3.33804 -61.03778 
-5.54269 -231.99744 -223.89429 
-213.63969 -216.42052 -7.99530 
-237.01835 -257.59409 -5.64012 
-8.45350 -254.31208 -232.09313 
-218.77103 -225.67369 -7.97173 
-203.49826 -190.38620 -5.34311 
-60.43074 -1.71766 -52.33146 
-5.63706 -257.39512 -236.49071 
-57.27126 -1.46965 -55.37036 
-4.85472 -233.83039 -225.28464 
-54.41485 -3.86020 -59.29075 
-197.07543 -176.38268 -4.38938 
-53.87608 -1.49789 -58.88843 
-5.25188 -228.89219 -222.74732 
-203.96795 -189.23769 -4.03850 
-53.04213 -3.45033 -60.60803 
-223.80071 -228.58470 -4.25701 
-239.38584 -268.29615 -9.28640 
-50.58834 -2.58363 -62.72471 
-58.14095 -4.31651 -55.96226 
-4.47224 -204.86282 -211.21511 
-49.25905 -3.11619 -64.22348 
-53.24097 -1.25990 -59.36686 
-54.69956 -1.79792 -58.13862 
-4.76081 -181.90998 -199.21802 
-50.15976 -5.98480 -64.79914 
-47.04242 -4.07651 -67.04582 
-57.05417 -3.57798 -56.60765 
-5.48212 -234.32675 -224.96269 
-50.99081 -1.95116 -61.90447 
-56.16972 -1.00962 -56.25065 
-193.67969 -169.83950 -4.55747 
-57.46883 -2.43003 -55.80415 
-229.23598 -241.51872 -5.25430 
-217.25645 -218.41528 -5.38838 
-220.41956 -228.32785 -7.92434 
-5.56917 -278.35541 -247.10979 
-58.56058 -3.24358 -54.91448 
-3.69582 -225.59548 -222.38460 
-220.02708 -224.86076 -6.24884 
-209.64757 -201.68204 -4.79580 
-58.11191 -0.99707 -54.30414 
-4.74820 -246.99183 -232.21774 
-51.78794 -2.61683 -61.55560 
-4.24058 -252.09028 -235.29347 
-3.94856 -231.68984 -225.31893 
-61.55347 -1.91843 -51.38856 
-215.08154 -210.12004 -3.64738 
-7.01386 -170.00481 -190.97970 
-53.87710 -3.46056 -59.88799 
-7.63488 -164.36592 -187.64801 
-179.73443 -149.85605 -8.02227 
-209.97173 -200.86615 -4.00729 
-55.58951 -1.25564 -56.97191 
-5.28629 -162.15603 -188.67125 
-56.88363 -4.76494 -57.68233 
-3.80809 -189.80533 -204.19551 
-4.80297 -258.07294 -237.86397 
-196.79679 -179.19735 -6.22244 
-4.77275 -225.79777 -221.34789 
-65.94350 -2.72347 -47.42200 
-6.91413 -132.08685 -171.72622 
-56.82028 -1.15199 -55.68814 
-62.01698 -3.78969 -51.91836 
-54.71626 -4.40032 -59.63725 
-207.18491 -194.89271 -3.82621 
-228.51138 -240.11246 -5.19397 
-4.15469 -208.60660 -213.18536 
-64.37860 -3.44191 -49.23645 
-204.62274 -190.24736 -4.11422 
-5.73395 -298.55400 -257.26374 
-249.54603 -283.33381 -6.55275 
-52.57316 -3.49832 -61.26833 
-206.69353 -194.07388 -3.83986 
-4.59313 -215.10556 -216.11640 
-57.20898 -1.20875 -55.39349 
-5.50305 -229.80449 -222.92193 
-66.31366 -4.60139 -47.93969 
-66.04573 -2.93796 -47.43009 
-52.86740 -2.53373 -60.35937 
-49.42845 -4.02766 -64.44719 
-58.22531 -1.19158 -54.32154 
-52.00933 -1.52947 -60.74243 
-222.72163 -230.38520 -6.39518 
-55.41020 -1.66922 -57.29266 
-58.75176 -2.76007 -54.63878 
-7.88728 -210.11282 -210.00557 
-4.26817 -238.46415 -228.48408 
-183.06057 -150.82597 -5.69268 
-237.25003 -255.68001 -4.60979 
-45.28714 -4.47704 -68.84123 
-8.73682 -138.54989 -173.51580 
-247.02445 -276.66495 -5.43440 
-53.09217 -1.70302 -59.65936 
-206.05645 -196.17926 -5.38723 
-57.35184 -1.86931 -55.43401 
-51.02879 -1.50868 -61.68643 
-199.40044 -180.64591 -4.30750 
-4.68296 -238.98020 -228.29668 
-4.01356 -223.15243 -220.92285 
-200.05072 -186.80043 -6.91564 
-56.76593 -1.72999 -56.07733 
-61.53570 -3.42766 -52.26737 
-4.00579 -206.35531 -212.37928 
-63.89383 -4.18841 -50.16778 
-4.50068 -256.46316 -237.14722 
-51.92183 -1.93446 -60.90252 
-57.56770 -3.17146 -56.03915 
-64.32549 -3.37208 -49.40231 
-58.49008 -2.29481 -54.64118 
-52.57540 -1.94151 -60.29402 
-53.43791 -5.11915 -61.12306 
-54.07659 -1.80516 -58.84785 
-4.46220 -166.27243 -191.61372 
-242.32581 -267.43475 -5.50293 
-230.89317 -242.25391 -4.17090 
-219.50858 -223.80855 -6.26481 
-5.45654 -174.77192 -195.01826 
-187.88127 -162.21107 -6.71707 
-5.26693 -180.51112 -197.79921 
-53.16350 -2.68678 -60.15597 
-55.24521 -3.10562 -58.30862 
-57.94807 -1.16485 -54.59578 
-54.62239 -2.80907 -58.75428 
-58.26226 -1.63960 -54.59071 
-62.75700 -2.62535 -50.61078 
-49.34205 -3.71975 -64.41754 
-6.68704 -229.43404 -221.34528 
-5.55178 -276.45599 -246.47260 
-64.18778 -2.51671 -49.04714 
-45.80771 -4.09881 -68.12358 
-58.42566 -1.64117 -54.35323 
-230.55475 -243.69318 -5.29851 
-191.31414 -166.49896 -5.13785 
-54.11360 -1.46044 -58.52162 
-4.95879 -214.62636 -215.77518 
-4.01457 -212.03921 -215.12238 
-235.46266 -259.64997 -8.24155 
-5.29577 -230.61339 -223.57569 
-217.46525 -216.53879 -4.45161 
-7.16639 -139.59023 -175.60377 
-53.24491 -1.24440 -59.26863 
-63.20137 -2.09816 -49.76152 
-5.77321 -180.40677 -197.56915 
-55.39122 -1.86912 -57.46826 
-6.28564 -273.81051 -244.09305 
-216.77473 -217.43034 -5.42576 
-53.42664 -4.19137 -60.54728 
-244.50717 -274.68154 -6.68040 
-9.77430 -269.82488 -238.78471 
-4.77113 -208.69476 -212.70338 
-46.92700 -4.72911 -67.47290 
-5.28175 -273.82853 -245.17502 
-4.55573 -256.29959 -236.98584 
-5.25208 -221.11401 -218.54179 
-58.41582 -2.13983 -54.56021 
-3.93173 -180.17926 -199.17328 
-4.21103 -252.41545 -235.52857 
-55.88425 -1.41077 -56.73326 
-220.28056 -223.18442 -4.99296 
-244.13086 -277.07774 -8.91044 
-232.59642 -246.29159 -4.50950 
-241.86307 -267.19860 -5.78494 
-192.11363 -166.87727 -4.80568 
-254.36300 -295.64016 -7.78541 
-5.93652 -140.13814 -176.77715 
-220.71848 -223.69095 -4.86710 
-224.21557 -231.52512 -5.50571 
-51.58246 -5.33962 -63.17891 
-6.87989 -140.10154 -175.69342 
-217.30660 -220.00928 -6.69993 
-5.62425 -231.94839 -223.60354 
-55.19478 -1.39980 -57.37301 
-57.46364 -2.90930 -55.92159 
-201.63047 -185.14752 -4.37780 
-214.21030 -210.91056 -4.75972 
-4.37278 -245.39041 -231.65857 
-5.54673 -238.88507 -227.41382 
-53.45455 -3.60434 -60.35057 
-185.85835 -156.91872 -5.87004 
-220.39089 -223.02119 -4.95259 
-7.22630 -216.23517 -213.86627 
-50.63601 -3.20496 -62.78541 
-231.37149 -243.76611 -4.35474 
-57.25593 -2.78793 -56.02720 
-59.67516 -3.32999 -53.91711 
-61.98227 -1.86283 -50.94595 
-202.25927 -186.83780 -4.67939 
-192.71817 -169.74944 -5.48906 
-64.67018 -4.05022 -49.42720 
-56.85132 -1.62607 -56.00237 
-241.55127 -264.54705 -4.87112 
-52.60405 -1.65860 -60.12658 
-4.23758 -194.26082 -206.09654 
-7.34035 -287.82710 -250.40036 
-186.72244 -157.02760 -5.21508 
-5.56803 -238.84695 -227.42585 
-58.76428 -2.95894 -54.61530 
-7.07582 -169.06404 -190.29598 
-184.50562 -153.02110 -5.25857 
-54.44002 -1.36384 -58.22067 
-179.72816 -146.91224 -6.70649 
-5.52454 -260.78190 -238.52069 
-69.58228 -6.62404 -45.80630 
-63.70687 -4.87663 -50.61108 
-5.58525 -141.46923 -177.85696 
-8.90611 -216.37477 -212.04589 
-5.54972 -175.84134 -195.10029 
-5.14221 -245.03765 -230.67229 
-68.52081 -3.50098 -45.16955 
-194.71590 -173.20719 -5.10029 
-3.92746 -220.57127 -219.51667 
-6.05450 -204.58470 -209.11726 
-65.76559 -2.84979 -47.65274 
-8.66964 -273.28223 -241.77957 
-227.47040 -237.63481 -5.00714 
-55.85714 -2.31426 -57.17906 
-7.10665 -296.39558 -254.67328 
-221.26583 -223.76143 -4.32800 
-218.64950 -217.37508 -3.75585 
-223.68158 -230.97979 -5.48830 
-4.62842 -204.40794 -210.56775 
-57.94095 -1.10833 -54.53133 
-239.48477 -264.97035 -7.45996 
-55.56828 -3.75218 -58.10690 
-211.34155 -203.58011 -4.08724 
-5.46045 -198.40730 -207.02466 
-189.00393 -161.43760 -4.99840 
-4.50181 -220.72225 -218.94112 
-192.98912 -174.22715 -7.19498 
-7.24462 -168.39104 -189.89832 
-62.84450 -1.96381 -50.16520 
-192.00238 -165.83117 -4.23687 
-181.54202 -149.37006 -6.20195 
-51.40495 -4.63449 -62.97283 
-50.52680 -3.08097 -62.90328 
-6.45953 -191.22581 -201.98268 
-6.31233 -231.21254 -222.80787 
-55.87788 -2.94730 -57.42665 
-191.06503 -165.52126 -4.92643 
-257.10784 -298.47902 -6.30230 
-213.13828 -206.68498 -3.76266 
-223.69707 -227.78522 -3.96397 
-207.12929 -197.86605 -5.38769 
-216.41662 -220.00931 -7.06082 
-6.76958 -222.79272 -217.84012 
-214.33483 -210.37963 -4.69884 
-208.31106 -197.21449 -3.81133 
-249.86225 -292.37650 -10.30843 
-66.12080 -4.93636 -48.43536 
-53.95443 -2.29265 -59.03028 
-54.63449 -1.45121 -58.00167 
-57.85414 -3.86936 -56.03691 
-216.90200 -214.23309 -3.92128 
-5.86546 -191.16819 -202.66121 
-4.65718 -201.70288 -209.40067 
-6.24481 -227.00540 -220.75206 
-228.48190 -241.53933 -6.31246 
-228.85529 -240.15350 -5.02752 
-6.11308 -222.14634 -218.50456 
-55.61552 -5.58581 -59.02968 
-4.32219 -213.50005 -215.57540 
-4.10882 -191.50975 -204.69742 
-54.29843 -6.26460 -60.95171 
-258.66361 -301.22292 -6.26534 
-202.36065 -186.24010 -4.10845 
-185.68673 -159.80225 -7.21493 
-230.62484 -241.81972 -4.32427 
-220.88920 -222.26512 -4.05224 
-5.15773 -205.06063 -210.50954 
-63.01692 -4.68294 -51.37803 
-222.30189 -226.86055 -4.79406 
-203.80898 -188.57072 -4.02323 
-55.95543 -2.00050 -57.07920 
-55.53758 -2.82821 -57.79897 
-67.84038 -5.43467 -46.84623 
-54.07527 -1.23560 -58.51878 
-5.53584 -253.13754 -234.78109 
-214.46817 -210.20869 -4.31999 
-190.73555 -165.49598 -5.41570 
-58.70785 -2.30650 -54.44726 
-51.40114 -2.70795 -61.95762 
-3.91229 -221.10790 -219.97995 
-204.13720 -192.67265 -5.46334 
-226.64288 -233.82578 -4.07969 
-53.60255 -1.99676 -59.40922 
-57.61734 -1.03736 -54.83767 
-57.37029 -1.73238 -55.51259 
-4.23232 -211.95587 -214.95827 
-54.10815 -4.31102 -60.06635 
-4.17769 -196.39439 -207.27067 
-206.09904 -198.63665 -6.54659 
-234.09197 -252.29276 -6.15147 
-57.70013 -1.29620 -54.86601 
-56.81028 -3.33557 -56.75434 
-4.57072 -230.35736 -223.90991 
-227.23490 -240.83349 -7.15996 
-63.96378 -2.16813 -49.11237 
-6.27983 -223.06315 -218.62628 
-57.36331 -1.50083 -55.32929 
-53.03946 -3.57106 -60.78625 
-235.62366 -253.82725 -5.36328 
-6.65047 -162.18513 -187.06743 
-230.12701 -242.80318 -5.16150 
-183.23186 -155.44791 -7.73773 
-52.56186 -1.18632 -59.97001 
-169.92000 -126.75751 -6.50467 
-58.99732 -3.82639 -55.00194 
-177.01831 -139.33987 -5.74686 
-6.93140 -140.88365 -176.40914 
-62.61189 -3.00752 -50.79175 
-4.69266 -210.76081 -213.97331 
-229.02374 -238.73077 -4.34739 
-61.88302 -2.46160 -51.30394 
-62.71589 -1.66273 -50.06342 
-4.42114 -210.67680 -214.04565 
-4.14691 -222.92418 -220.62290 
-53.68838 -4.73419 -60.68078 
-64.37935 -3.40489 -49.31060 
-58.96442 -2.48104 -54.32395 
-58.41429 -6.46274 -56.71552 
-163.97958 -117.73285 -8.02398 
-59.20181 -1.61423 -53.62389 
-5.44252 -175.81999 -195.39054 
-213.36589 -210.08928 -5.12793 
-189.44701 -168.99013 -8.50061 
-59.95185 -1.60967 -52.85967 
-4.73401 -164.32160 -190.32141 
-55.96048 -1.71285 -56.91247 
-52.46884 -2.09222 -60.57644 
-60.07749 -2.92505 -53.44553 
-226.39372 -233.28477 -4.18271 
-51.99134 -2.36588 -61.13376 
-49.93772 -1.82502 -62.91468 
-233.60009 -248.03578 -4.41826 
-198.97429 -184.73690 -6.80139 
-219.46992 -221.96523 -5.05116 
-54.08435 -1.22940 -58.43477 
-6.77836 -141.94877 -176.97746 
-64.37262 -2.49827 -48.79617 
-222.17983 -227.26721 -5.47027 
-57.74694 -1.83530 -55.21840 
-199.45344 -185.49535 -6.53333 
-208.33518 -198.34628 -4.33548 
-5.65926 -254.26172 -234.83079 
-198.98058 -186.69734 -7.58727 
-6.75490 -294.71410 -254.11267 
-5.65975 -178.49186 -196.48428 
-72.00221 -6.52870 -43.35791 
-202.36609 -191.15999 -6.75088 
-54.68213 -1.06061 -57.82350 
-198.71686 -179.40381 -4.57962 
-5.21313 -242.80698 -229.43272 
-201.42240 -188.64082 -6.32317 
-60.62864 -1.98495 -52.28793 
-60.86995 -2.69344 -52.35341 
-234.95692 -251.85179 -4.87802 
-61.35217 -2.06051 -51.57755 
-50.67550 -3.05830 -62.72647 
-5.86497 -163.14228 -188.77035 
-5.32201 -197.38862 -206.29855 
-5.16136 -209.45821 -212.81965 
-60.28128 -1.22934 -52.25475 
-51.75662 -1.41482 -60.89279 
-198.34886 -178.30641 -4.19878 
-4.59531 -202.55382 -210.00762 
-6.31947 -296.95189 -256.02852 
-206.67822 -199.93838 -7.01730 
-59.74889 -2.67571 -53.64090 
-219.17685 -222.66946 -6.16194 
-61.57484 -2.59446 -51.79864 
-57.57631 -1.59712 -55.24714 
-4.27189 -203.86362 -210.74367 
-214.00894 -208.80865 -3.95365 
-4.74841 -225.25128 -221.34590 
-224.82097 -229.76722 -3.97526 
-49.38010 -4.19182 -64.74016 
-51.67985 -1.32322 -60.91044 
-60.94524 -3.77285 -52.79511 
-5.44953 -184.69143 -200.07719 
-57.05686 -5.50795 -57.59715 
-5.78549 -211.86214 -213.17165 
-218.19100 -220.57944 -6.11989 
-7.22450 -125.19868 -167.88149 
-4.67848 -193.90709 -205.45552 
-6.11428 -163.97043 -188.87782 
-202.18990 -196.98358 -10.34050 
-6.67925 -228.90481 -221.29153 
-5.43443 -250.30321 -233.01670 
-49.51778 -2.05941 -63.47051 
-51.83222 -2.20177 -61.18369 
-47.48168 -5.40675 -67.26886 
-47.59066 -2.94882 -65.82907 
-244.76529 -271.63006 -5.34731 
-211.47956 -204.93219 -4.72527 
-241.73779 -266.72868 -5.93148 
-9.18534 -145.97741 -176.41964 
-213.14105 -210.11784 -5.57053 
-59.66345 -1.50146 -53.10879 
-204.85192 -191.10745 -4.13903 
-6.51049 -274.11522 -244.17978 
-4.12383 -234.65720 -226.55228 
-55.37182 -0.96911 -57.05635 
-50.87533 -2.02557 -62.00889 
-66.46931 -5.21620 -47.97242 
-53.05180 -1.27600 -59.54126 
-235.20649 -252.73661 -5.08854 
-199.59891 -183.35242 -5.52121 
-154.58515 -104.35692 -10.29858 
-4.99698 -245.91184 -231.42257 
-3.85165 -220.62868 -219.73112 
-58.29137 -3.04389 -55.18991 
-51.76684 -5.61201 -62.99133 
-4.74800 -234.74969 -225.78582 
-211.06129 -210.36853 -8.11513 
-199.65983 -180.81687 -4.13607 
-4.38365 -212.19498 -214.76489 
-237.04124 -255.47313 -4.61590 
-56.11551 -1.59425 -56.65627 
-56.65526 -1.99593 -56.36637 
-209.79645 -203.60694 -5.45863 
-51.98286 -1.68295 -60.80132 
-236.80524 -259.75350 -7.42218 
-172.87416 -132.54290 -6.45877 
-251.52480 -287.59981 -6.66890 
-5.88487 -198.53818 -206.33347 
-208.31313 -203.93227 -7.10181 
-59.85173 -1.45468 -52.88481 
-58.06399 -5.36225 -56.80993 
-6.87487 -199.99445 -205.98753 
-234.60996 -250.89026 -4.67885 
-55.25780 -3.85768 -58.71071 
-200.69317 -188.83291 -7.36041 
-52.22515 -2.07336 -60.67512 
-5.69285 -294.87608 -255.53600 
-54.08466 -2.02694 -58.95555 
-8.95973 -277.96059 -244.02901 
-233.57925 -248.22739 -4.57179 
-6.69176 -188.30186 -200.86151 
-4.14233 -206.57400 -212.21391 
-61.66542 -2.00522 -51.34681 
-50.81348 -3.00313 -62.55766 
-57.84225 -1.42441 -54.84322 
-59.72880 -2.45383 -53.33899 
-54.48788 -3.87188 -59.25295 
-53.85410 -3.05908 -59.64754 
-5.66798 -285.41739 -250.62030 
-61.50830 -1.99933 -51.36681 
-59.89077 -1.34906 -52.73485 
-56.27304 -7.07540 -59.09201 
-205.63800 -193.17043 -4.37672 
-7.70238 -146.02794 -178.32600 
-211.55342 -210.48251 -7.35215 
-225.59587 -233.42462 -4.96974 
-61.36575 -1.39363 -51.26196 
-4.53614 -222.18577 -219.86891 
-55.34615 -1.55711 -57.35092 
-49.41157 -4.64211 -64.81117 
-229.75913 -240.51747 -4.43230 
-4.94723 -236.28567 -226.65302 
-4.70956 -158.21619 -187.23775 
-50.94701 -3.30132 -62.51202 
-59.82447 -1.23838 -52.74489 
-219.37630 -221.31996 -5.02419 
-6.43925 -185.25903 -199.08584 
-57.89126 -1.37684 -54.78953 
-6.19499 -202.12879 -208.05167 
-5.08492 -256.74777 -236.74905 
-5.70074 -211.55516 -213.43300 
-186.48405 -160.17700 -6.95802 
-232.16324 -246.79268 -5.17606 
-53.57521 -1.70961 -59.16361 
-47.07121 -3.10681 -66.43908 
-52.44519 -2.49521 -60.85713 
-52.70434 -2.00707 -60.14948 
-222.42497 -228.03468 -5.41471 
-224.82907 -234.30526 -5.86717 
-5.16521 -182.96616 -199.28404 
-4.68001 -183.97867 -200.31202 
-4.31972 -254.37762 -236.43614 
-215.46952 -214.00038 -5.36846 
-4.30900 -212.47584 -215.03877 
-57.48758 -2.70644 -55.90872 
-202.12207 -187.95011 -5.19401 
-53.10818 -2.55268 -60.09254 
-6.33634 -216.62857 -215.52640 
-185.72155 -155.11605 -5.02543 
-4.91754 -190.21945 -203.45027 
-6.73086 -198.57319 -205.85609 
-256.53876 -296.19294 -5.90402 
-215.11808 -210.68088 -3.84944 
-5.22235 -272.32988 -244.58245 
-6.07990 -215.30537 -215.09207 
-56.30648 -2.07092 -56.63118 
-242.18554 -270.95071 -7.17253 
-209.96509 -201.30186 -4.43360 
-4.69790 -200.67889 -208.71002 
-54.61582 -1.98239 -58.35533 
-47.65823 -5.67845 -67.09331 
-4.34173 -203.12295 -210.49104 
-61.97177 -3.07613 -51.38896 
-229.88049 -243.61886 -5.76753 
-6.01862 -146.12151 -179.97767 
-5.01759 -218.26560 -217.44329 
-6.17406 -193.82629 -203.66864 
-54.84986 -3.49739 -59.01141 
-4.01797 -204.27802 -211.16756 
-6.63932 -153.42403 -183.17849 
-51.13792 -1.93337 -61.69289 
-233.87420 -250.42473 -5.19457 
-219.22178 -221.36839 -5.23640 
-54.58821 -1.33758 -58.08644 
-56.35448 -2.71387 -56.80843 
-210.75637 -202.92182 -4.41918 
-228.69791 -237.40888 -3.88691 
-58.35226 -1.76499 -54.38192 
-47.02819 -6.55059 -68.01221 
-237.07636 -255.71024 -4.95354 
-219.80865 -221.74493 -4.95916 
-216.51770 -215.57931 -4.92312 
-238.09652 -260.65227 -6.21005 
-167.55814 -124.47472 -7.57681 
-200.09360 -192.32557 -10.11474 
-5.35132 -224.38983 -220.25330 
-193.66687 -170.14263 -4.63699 
-58.09421 -2.25827 -54.93496 
-6.96015 -209.44218 -211.01907 
-234.84837 -254.13411 -5.97327 
-221.92395 -225.87703 -4.90668 
-197.18776 -176.56344 -4.57650 
-4.48287 -182.51787 -199.95324 
-53.40940 -3.20653 -60.02163 
-5.42855 -263.26502 -239.54719 
-5.14400 -175.92357 -195.81753 
-4.29489 -225.03524 -221.39756 
-5.67154 -251.89553 -233.99988 
-213.94406 -209.93683 -4.83494 
-51.87909 -5.41806 -62.96260 
-233.33395 -247.14504 -4.15619 
-251.52504 -286.08941 -5.83302 
-7.86218 -309.59653 -260.59008 
-4.37227 -189.41822 -203.35674 
-4.74719 -165.62582 -191.04567 
-54.84296 -4.22542 -59.16628 
-7.54732 -290.34983 -251.12474 
-241.67280 -266.18794 -5.33039 
-4.15345 -229.43333 -223.75160 
-5.77569 -258.91931 -237.20708 
-212.68158 -205.78402 -3.86515 
-235.45705 -253.65349 -5.53433 
-62.98981 -6.00724 -51.90110 
-3.75071 -192.06857 -205.33247 
-241.04505 -266.86608 -6.20778 
-62.81560 -3.02065 -50.64721 
-48.79375 -3.07071 -64.76777 
-6.53287 -176.83988 -194.89813 
-4.82340 -233.04575 -225.03888 
-240.26823 -271.36667 -9.39843 
-7.89518 -239.58005 -225.65335 
-205.49210 -194.53953 -5.24049 
-180.18203 -146.92852 -6.45094 
-50.16502 -1.72853 -62.63705 
-234.80248 -257.32866 -7.53521 
-52.86103 -3.18086 -60.54042 
-180.43770 -146.06311 -5.95368 
-6.80541 -223.79119 -218.39583 
-56.03369 -2.67290 -57.36189 
-264.59203 -318.59751 -8.92487 
-6.61430 -277.44397 -245.86974 
-5.95163 -271.35444 -243.22822 
-204.18699 -202.13700 -10.32717 
-61.10814 -3.43756 -52.74417 
-4.98464 -173.51606 -194.68326 
-48.21556 -2.40433 -64.94408 
-203.96445 -194.33630 -6.85273 
-66.77883 -4.65474 -47.41040 
-218.78259 -219.78683 -4.83912 
-5.85985 -203.31133 -209.21282 
-69.71688 -6.37915 -45.35536 
-210.59777 -207.89867 -6.80945 
-5.21010 -207.87385 -212.05222 
-192.93057 -176.05025 -8.42533 
-203.11693 -189.17152 -5.00388 
-5.75364 -256.66191 -236.13432 
-4.43798 -178.50669 -197.92961 
-4.38408 -241.08591 -229.46563 
-4.48152 -231.56757 -224.54045 
-51.89599 -1.86472 -61.05356 
-57.09815 -2.61503 -56.19454 
-216.11237 -214.69217 -5.04897 
-3.89862 -206.82420 -212.67714 
-6.00734 -303.31855 -259.50356 
-53.26763 -1.61302 -59.40528 
-237.67004 -256.08419 -4.43264 
-63.77900 -2.60789 -49.52438 
-5.02426 -196.35847 -206.34881 
-194.17220 -170.52464 -4.41517 
-229.21411 -245.47439 -7.62620 
-207.43169 -200.77029 -6.27913 
-5.42399 -269.51871 -243.12630 
-62.85503 -6.32074 -52.29204 
-60.97375 -2.91683 -52.46629 
-213.11382 -207.76033 -4.25881 
-4.46339 -219.97284 -218.64014 
-203.33457 -191.10794 -5.74903 
-266.23240 -319.65379 -7.99387 
-234.28148 -252.60039 -6.19274 
-6.17445 -244.34316 -229.21889 
-59.65816 -5.40764 -54.81072 
-210.59872 -203.66844 -4.85023 
-4.81713 -222.80292 -219.84800 
-4.01215 -224.06816 -221.34878 
-4.55810 -251.99483 -234.75900 
-55.80352 -2.93664 -57.48201 
-212.93161 -209.19852 -5.11546 
-54.73611 -1.41232 -57.96941 
-7.17156 -131.24448 -171.04508 
-8.00590 -282.73029 -246.83859 
-189.15917 -164.22621 -6.05573 
-232.82647 -247.68344 -4.93832 
-6.57674 -246.13449 -230.11450 
-57.64367 -2.00873 -55.32392 
-236.77896 -254.28813 -4.35432 
-4.96714 -237.73136 -227.33894 
-54.24713 -2.38387 -58.98365 
-230.36364 -241.86509 -4.41432 
-6.00945 -222.23197 -218.38473 
-4.05772 -218.47688 -218.47740 
-5.32968 -212.15272 -214.04517 
-5.60908 -224.49216 -219.84383 
-60.86611 -3.68737 -52.89430 
-4.27677 -220.64289 -219.37161 
-58.65830 -2.68585 -54.65897 
-7.61286 -286.32357 -249.04558 
-252.31185 -290.36297 -6.95734 
-49.88405 -1.95379 -63.01851 
-53.70388 -1.26053 -58.88865 
-7.23143 -142.98651 -177.19258 
-215.97285 -215.93965 -5.66672 
-62.40901 -2.38444 -50.77425 
-6.03311 -286.72577 -250.94508 
-237.10422 -257.27470 -5.81465 
-224.71980 -229.88507 -3.99218 
-225.71878 -232.48318 -4.51431 
-237.29256 -263.21044 -8.02200 
-220.51175 -221.79835 -4.13698 
-48.71995 -3.77514 -65.11887 
-217.71900 -218.40363 -5.29375 
-59.57769 -1.89364 -53.33849 
-58.02178 -1.59696 -54.68856 
-51.26122 -2.11605 -61.75348 
-49.88170 -3.39030 -63.74610 
-221.22755 -222.51548 -3.73303 
-4.97586 -271.36493 -244.42232 
-208.81825 -200.20570 -4.77219 
-225.55533 -232.56042 -4.69097 
-193.44368 -175.47996 -8.03315 
-9.99861 -246.80874 -227.19993 
-3.72847 -212.18612 -215.59179 
-214.13144 -208.24301 -3.68553 
-45.31274 -4.77151 -68.95275 
-262.11758 -309.01046 -6.68955 
-5.33218 -184.72791 -200.30487 
-227.01246 -238.77189 -6.03487 
-188.09612 -159.45421 -4.95231 
-55.00918 -1.71669 -57.79315 
-239.49840 -260.77793 -4.86582 
-192.63180 -169.23996 -5.14288 
-51.63081 -2.90791 -61.67733 
-54.42722 -5.02268 -60.18226 
-4.99828 -221.52109 -219.21442 
-56.54937 -2.10667 -56.50236 
-54.83186 -1.83032 -58.02908 
-245.26374 -278.14662 -8.15045 
-60.65819 -2.90889 -52.67859 
-55.35118 -1.30835 -57.27782 
-249.49609 -284.64276 -7.16718 
-238.44493 -268.10684 -10.17400 
-60.15103 -1.74932 -52.69574 
-212.38898 -208.48445 -5.73829 
-211.55008 -203.18936 -3.72076 
-253.21790 -289.53150 -5.82183 
-55.29516 -2.12986 -57.62494 
-6.10307 -237.59078 -226.12547 
-5.19302 -192.31267 -204.28120 
-57.96274 -2.41789 -55.16685 
-4.18339 -206.36557 -212.01779 
-64.59010 -3.07106 -48.80971 
-206.45189 -194.43139 -4.24533 
-5.19454 -245.04332 -230.53282 
-5.42640 -212.31667 -213.67387 
-7.65841 -224.91610 -217.67732 
-5.96603 -216.43949 -215.53728 
-209.62807 -203.59027 -5.59112 
-221.68663 -223.36961 -3.84856 
-51.50747 -3.02810 -62.06043 
-58.91988 -3.23316 -54.79313 
-50.39013 -2.66825 -62.87549 
-55.65021 -1.45128 -56.93732 
-217.45551 -221.15573 -6.58407 
-220.65803 -223.20965 -4.60028 
-4.62918 -261.32127 -239.56769 
-5.06057 -265.81294 -241.31225 
-50.80522 -3.38929 -62.74717 
-222.39128 -227.74557 -5.30077 
-67.11079 -3.69813 -46.76036 
-5.44717 -178.44490 -196.68240 
-53.37062 -2.25844 -59.81826 
-60.39593 -1.69839 -52.42886 
-210.49654 -205.79543 -5.83332 
-62.01509 -5.00051 -52.34469 
-50.81066 -2.54562 -62.29674 
-62.81585 -2.50612 -50.44578 
-6.69915 -221.20709 -216.80468 
-4.78491 -257.26458 -237.24932 
-4.09488 -194.21345 -206.06953 
-194.74380 -172.12937 -4.71228 
-60.51302 -1.39055 -52.16580 
-4.74768 -164.52851 -190.37155 
-196.47743 -175.43717 -4.60833 
-221.61244 -225.58981 -4.81256 
-7.90052 -276.67432 -244.04227 
-4.27297 -245.60111 -232.03319 
-222.71885 -226.83707 -4.40849 
-4.58405 -186.53221 -201.83475 
-61.73558 -4.52434 -52.47283 
-56.52849 -3.18284 -57.01332 
-47.67041 -2.48408 -65.49902 
-182.27970 -148.66652 -5.26039 
-214.38848 -213.27255 -5.76757 
-4.44441 -215.71651 -216.54778 
-216.74425 -218.35149 -5.85565 
-169.15386 -126.04785 -6.74252 
-54.71955 -1.78876 -58.15165 
-215.15361 -219.10786 -8.52272 
-196.47735 -174.65143 -4.35979 
-6.63161 -177.36916 -195.01829 
-3.91083 -193.46052 -205.85151 
-6.05544 -144.89670 -179.13607 
-214.05972 -208.33256 -3.70614 
-187.68760 -158.43857 -4.77531 
-5.55245 -196.87618 -205.80464 
-5.09802 -239.63336 -227.94347 
-56.74424 -1.93251 -56.15270 
-60.11734 -2.73798 -53.19400 
-51.84783 -4.22378 -62.10676 
-5.34237 -237.96854 -227.19480 
-4.50325 -228.49269 -223.22358 
-59.47168 -4.77829 -54.96137 
-200.97155 -192.22557 -8.74506 
-5.57053 -234.55541 -224.98894 
-200.65766 -183.71668 -4.58146 
-208.84553 -200.09835 -4.81171 
-193.34062 -174.79353 -7.11303 
-4.15856 -174.27695 -195.94026 
-60.14153 -3.00380 -53.28235 
-56.31886 -1.15587 -56.14226 
-204.41047 -190.65958 -4.58183 
-61.20608 -1.66432 -51.58376 
-59.10915 -4.02340 -55.02670 
-4.54446 -211.62082 -214.62667 
-5.81513 -300.38020 -258.24529 
-54.06867 -3.17043 -59.61356 
-4.20459 -246.78144 -232.57616 
-56.29538 -3.35202 -57.19340 
-202.18805 -186.51799 -4.68674 
-214.91943 -216.40503 -6.92265 
-60.74569 -1.73288 -52.04634 
-190.46689 -165.14327 -5.44330 
-4.90308 -220.19550 -218.65821 
-191.82561 -166.17977 -4.55469 
-190.90900 -166.38449 -5.46064 
-174.43102 -134.44933 -5.86967 
-5.27588 -260.82602 -238.63954 
-206.76262 -199.61494 -6.52732 
-4.58118 -202.91139 -210.00023 
-235.74811 -258.75136 -7.30211 
-50.05982 -3.46833 -63.55115 
-216.68123 -219.79836 -6.67105 
-255.89500 -300.26305 -8.88943 
-217.48522 -216.39435 -4.59562 
-211.27764 -205.51845 -5.22760 
-6.15733 -184.49351 -199.31481 
-6.04400 -196.49074 -204.99580 
-51.73392 -4.29488 -62.24099 
-49.77600 -4.82726 -64.60059 
-235.11107 -251.80827 -4.88382 
-6.11904 -261.27593 -238.22283 
-5.40780 -214.23261 -215.08528 
-207.44756 -195.78784 -3.90610 
-6.83310 -192.86553 -202.66432 
-5.60259 -155.63566 -185.13781 
-53.78501 -1.38009 -58.81534 
-4.55463 -212.89368 -215.21390 
-66.28292 -4.26473 -47.75256 
-5.49400 -244.57189 -229.97475 
-6.33280 -182.60147 -198.19926 
-51.34257 -3.43574 -62.40488 
-197.18063 -179.24980 -5.68689 
-56.68628 -5.63300 -58.10000 
-59.87795 -2.19041 -53.23838 
-217.88306 -215.97458 -3.76805 
-201.60757 -190.41749 -7.08117 
-170.91198 -131.60660 -7.72548 
-58.02329 -1.18468 -54.53285 
-198.50941 -181.72703 -5.64612 
-55.92519 -1.41972 -56.64650 
-55.39138 -0.97647 -57.01356 
-58.47254 -2.20745 -54.70906 
-51.87681 -4.76822 -62.37045 
-186.32594 -163.73907 -8.79126 
-172.46666 -133.28854 -7.19239 
-56.27366 -4.43712 -57.76820 
-191.53948 -166.43391 -4.86439 
-5.09608 -220.33704 -218.32251 
-182.08388 -148.05055 -5.21120 
-205.09497 -196.47928 -7.06591 
-5.66521 -281.01343 -248.64015 
-6.39436 -181.05203 -197.02992 
-217.88997 -224.22934 -7.62159 
-5.06058 -197.38355 -206.77152 
-5.48033 -251.30390 -233.69146 
-217.15215 -214.45225 -3.78007 
-61.83063 -2.04494 -51.24054 
-56.28182 -1.62475 -56.52882 
-7.34009 -172.15180 -191.92148 
-6.84039 -324.88526 -269.57782 
-5.99062 -168.47057 -191.00162 
-51.67290 -2.64543 -61.69937 
-53.95154 -2.31834 -59.20340 
-5.56880 -247.35779 -231.60676 
-57.44052 -1.83661 -55.49190 
-4.27437 -171.43532 -194.37046 
-53.28100 -2.20703 -59.69288 
-9.11887 -258.75320 -233.52890 
-201.87104 -185.22491 -4.23551 
-226.17922 -236.03631 -5.91639 
-178.94463 -145.37572 -7.16759 
-222.64245 -227.62867 -4.90358 
-62.56313 -2.89128 -50.77698 
-59.51244 -2.34564 -53.68502 
-3.90586 -180.61119 -199.40429 
-232.80950 -246.85467 -4.42560 
-246.70217 -281.20105 -7.88896 
-58.12039 -4.40904 -56.12382 
-58.07773 -2.47499 -55.03567 
-45.32616 -5.50743 -69.50151 
-7.19313 -146.49070 -178.91505 
-5.43568 -275.97425 -246.35167 
-58.06723 -2.41057 -55.20158 
-54.46482 -1.61700 -58.20433 
-4.17268 -195.35598 -206.53540 
-217.40409 -220.17652 -6.29296 
-5.29547 -192.75986 -204.07814 
-5.64351 -265.38352 -240.60720 
-50.87905 -3.05125 -62.51472 
-49.29360 -2.35673 -63.76716 
-4.32821 -223.12459 -220.66044 
-5.02965 -159.17296 -187.54094 
-200.77829 -185.89231 -5.55525 
-5.11047 -167.00113 -191.36504 
-224.19241 -231.52194 -5.68913 
-254.43485 -292.63365 -6.28879 
-5.00721 -273.28720 -245.21663 
-62.14863 -2.56460 -51.05422 
-4.77442 -198.76761 -207.65359 
-4.90928 -200.83281 -208.73629 
-4.13466 -235.31277 -226.97898 
-7.06735 -176.80491 -194.14232 
-194.56514 -173.27996 -5.66064 
-64.27333 -3.15311 -49.20719 
-180.99061 -147.93663 -5.96338 
-57.06253 -1.13070 -55.42792 
-5.55602 -166.45341 -190.69517 
-174.84982 -137.50306 -7.01985 
-224.72661 -235.40770 -6.69731 
-212.75575 -209.86783 -5.80483 
-6.86898 -277.94943 -245.41701 
-53.28007 -1.85702 -59.63623 
-5.71639 -247.35307 -231.49256 
-60.05974 -1.48776 -52.63418 
-218.33769 -218.09148 -4.34998 
-54.11951 -1.29857 -58.51812 
-5.44393 -239.92129 -227.70821 
-205.08655 -194.16782 -5.28656 
-221.01521 -222.47826 -3.92877 
-5.46282 -196.39364 -205.58291 
-4.58887 -166.45568 -191.54818 
-226.13574 -233.56844 -4.56770 
-51.35503 -1.95673 -61.49605 
-204.24051 -190.49694 -4.39958 
-4.26310 -225.17717 -221.63109 
-51.22976 -1.43031 -61.41810 
-9.98469 -314.01055 -261.08138 
-64.81525 -2.37227 -48.28063 
-4.37942 -245.38262 -231.79553 
-258.31433 -302.84079 -7.22858 
-6.32398 -277.40728 -245.75012 
-59.15674 -4.71421 -55.15423 
-202.36832 -185.75416 -3.92840 
-60.57209 -2.36682 -52.57826 
-4.60064 -213.10090 -215.14014 
-5.70337 -146.76174 -180.60404 
-198.97458 -179.96012 -4.39407 
-4.54486 -237.09712 -227.19994 
-219.38972 -222.81148 -5.95149 
-55.01668 -2.71506 -58.40436 
-53.74895 -1.71515 -59.09186 
-56.95965 -2.70827 -56.35385 
-210.46671 -202.86470 -4.51291 
-6.24025 -217.96036 -215.69709 
-54.80503 -1.32006 -57.81754 
-51.04311 -2.31747 -62.14958 
-43.19977 -5.87139 -71.57083 
-214.24624 -209.66132 -4.40029 
-6.36508 -139.91916 -176.47107 
-5.16556 -244.92259 -230.61009 
-54.75970 -2.38556 -58.29697 
-217.53975 -222.66693 -7.27731 
-57.82727 -1.77076 -54.93087 
-4.74071 -211.18332 -214.00819 
-58.39673 -1.45675 -54.30107 
-3.90641 -204.27252 -211.32899 
-58.15633 -3.22155 -55.33190 
-215.04917 -214.42493 -5.69145 
-165.86066 -127.08357 -10.31692 
-5.57977 -206.49333 -211.05453 
-53.57752 -1.12168 -58.91545 
-7.12072 -295.47798 -254.16122 
-53.41178 -7.97515 -62.53490 
-209.65179 -211.04866 -9.45873 
-209.99508 -206.22540 -6.49378 
-3.98267 -200.18852 -209.29228 
-7.39484 -157.08781 -184.33712 
-7.79551 -133.60201 -171.73128 
-3.65649 -219.55727 -219.36319 
-198.27554 -179.82076 -5.29120 
-4.69984 -188.27880 -202.36612 
-52.94972 -2.46517 -60.14497 
-56.59417 -4.22312 -57.47364 
-229.17327 -238.91769 -4.11383 
-250.83386 -287.54205 -7.09249 
-216.96797 -214.88563 -4.18158 
-211.11381 -203.73626 -4.44923 
-214.66840 -209.77668 -3.97482 
-223.31510 -227.28329 -4.23544 
-3.94536 -186.10602 -202.20514 
-214.75439 -214.84178 -6.41050 
-5.97828 -173.82641 -194.17302 
-58.18890 -1.54743 -54.53944 
-55.64166 -1.69668 -57.10180 
-47.62625 -2.54355 -65.59367 
-56.95534 -2.62965 -56.26652 
-217.96818 -221.35851 -6.59702 
-253.70426 -294.23669 -7.58326 
-62.61776 -2.80376 -50.64031 
-221.23573 -223.46274 -4.12895 
-4.73235 -214.98562 -216.05802 
-210.65481 -206.51389 -5.99501 
-56.67638 -1.54271 -55.95380 
-6.32230 -240.86964 -227.42286 
-61.87863 -1.83859 -51.02242 
-9.04944 -176.35653 -191.66636 
-58.04718 -3.15779 -55.38979 
-60.85493 -3.68561 -53.02288 
-61.26032 -2.86930 -52.14384 
-4.81651 -178.40108 -197.56826 
-198.05097 -179.21773 -5.11133 
-4.20928 -189.59390 -203.74745 
-54.00561 -1.43467 -58.69851 
-5.31129 -267.18486 -241.98021 
-59.74930 -1.21648 -52.77446 
-65.98360 -3.78105 -47.93436 
-57.25983 -1.67288 -55.61200 
-48.75596 -2.14142 -64.24467 
-215.00627 -212.56622 -5.23032 
-214.10198 -210.49149 -5.02815 
-58.74916 -2.01108 -54.16612 
-221.95811 -232.54253 -7.83321 
-4.26092 -209.55445 -213.79993 
-56.25985 -1.76598 -56.57857 
-51.43289 -3.80940 -62.56482 
-189.61614 -162.40465 -4.75177 
-5.21633 -232.12215 -224.12208 
-6.70909 -236.06412 -224.79404 
-60.53653 -1.48145 -52.14172 
-231.12745 -245.80897 -5.75761 
-4.15898 -233.67618 -226.13675 
-51.73056 -3.47983 -62.09332 
-188.40843 -166.48609 -8.42923 
-53.21163 -3.38244 -60.55149 
-209.02101 -204.59179 -6.71571 
-47.05804 -7.01394 -68.37550 
-235.68918 -252.04062 -4.36904 
-6.11072 -197.83731 -205.58936 
-176.52636 -140.68526 -6.90237 
-216.67033 -214.64481 -4.39935 
-60.99853 -2.88037 -52.33159 
-4.71171 -247.02088 -232.21761 
-6.02539 -233.58071 -224.21554 
-203.96658 -196.75437 -7.69112 
-54.78323 -2.17156 -58.23298 
-50.80256 -1.80575 -62.01222 
-55.81175 -1.71907 -56.91352 
-195.61478 -177.09488 -6.57819 
-4.90525 -264.90528 -241.03729 
-7.82531 -209.12288 -210.28920 
-50.76181 -2.28196 -62.37468 
-6.76861 -186.23768 -199.62300 
-55.72728 -6.05990 -59.47708 
-59.50130 -1.24188 -53.11631 
-4.13029 -207.84284 -213.07453 
-54.78464 -2.76162 -58.43374 
-5.92252 -177.47653 -195.56356 
-212.84964 -210.67139 -5.93805 
-56.87361 -1.98122 -56.07063 
-242.96558 -270.48447 -6.57261 
-5.90249 -192.20829 -203.10058 
-53.90087 -3.36120 -59.74777 
-60.87317 -6.30892 -54.37569 
-63.65628 -4.20237 -50.27472 
-3.77025 -218.96898 -218.92544 
-5.59427 -244.46930 -230.20814 
-235.57096 -253.06268 -4.96968 
-50.70316 -5.29052 -63.86734 
-201.78625 -187.79969 -5.56951 
-4.16394 -177.26063 -197.37078 
-4.82368 -185.50698 -201.03749 
-205.64484 -195.85103 -5.80258 
-56.41020 -2.12994 -56.63550 
-3.79690 -231.00061 -225.00950 
-52.63429 -2.17842 -60.48907 
-57.29405 -4.53336 -56.98330 
-193.55535 -169.42507 -4.58614 
-216.58412 -214.59369 -4.58122 
-65.77532 -2.84635 -47.56547 
-7.78689 -309.55450 -260.90975 
-257.66390 -301.30585 -7.62341 
-5.11502 -163.19646 -189.34354 
-56.20307 -1.71784 -56.68463 
-4.59012 -183.57125 -200.31222 
-3.95140 -218.39299 -218.52880 
-46.73281 -4.01202 -67.25139 
-58.57742 -2.99218 -54.73672 
-61.75726 -2.30761 -51.26782 
-58.06836 -1.67950 -54.72437 
-255.24249 -298.33527 -7.98433 
-55.06329 -1.05830 -57.38216 
-49.22248 -3.01671 -64.24658 
-58.34005 -1.44330 -54.34718 
-53.13869 -1.59460 -59.53461 
-238.89805 -259.02837 -4.73554 
-68.51056 -5.17495 -46.06035 
-60.09182 -1.94070 -52.92212 
-229.27774 -241.03891 -4.93949 
-45.40927 -4.28357 -68.71388 
-47.42641 -3.05134 -65.99175 
-233.37916 -248.08320 -4.77833 
-62.97407 -1.79941 -49.86705 
-194.75600 -175.56408 -6.52507 
-6.72939 -204.49915 -208.88125 
-63.67388 -2.65756 -49.72626 
-61.21765 -5.21156 -53.30510 
-262.53668 -311.81396 -7.94368 
-196.89455 -182.02092 -7.53476 
-60.89458 -2.41413 -52.15892 
-51.88595 -1.47389 -60.79012 
-46.55737 -5.28700 -68.15259 
-56.33605 -1.29806 -56.31576 
-5.90790 -216.72462 -215.73465 
-8.05242 -272.55716 -241.50927 
-5.10378 -268.87554 -243.03470 
-6.33768 -218.23744 -215.96864 
-59.62249 -1.62406 -53.06865 
-14.59344 -138.05629 -167.19053 
-5.45515 -179.52362 -197.24482 
-59.26674 -1.58231 -53.50237 
-173.50263 -138.84573 -8.68423 
-5.16402 -265.28322 -241.12977 
-4.86366 -194.93515 -205.68203 
-5.91532 -285.80792 -250.58448 
-4.07579 -201.63436 -209.84704 
-214.79335 -213.94540 -5.69592 
-56.89820 -2.69060 -56.46252 
-65.18099 -6.05440 -49.91838 
-216.31241 -213.37911 -4.09336 
-230.70500 -244.10422 -5.11489 
-64.30348 -2.18886 -48.76538 
-222.02223 -227.74104 -5.44959 
-60.89016 -1.66386 -51.83769 
-205.03917 -194.06446 -5.51611 
-56.76113 -5.77381 -58.00464 
-6.23186 -180.26016 -196.75089 
-5.81716 -166.01384 -190.29608 
-49.45819 -2.49310 -63.75546 
-10.70824 -325.65668 -265.87174 
-52.22242 -4.68527 -62.12991 
-10.59276 -219.15551 -212.48192 
-5.45628 -242.66106 -229.25369 
-53.03517 -1.43540 -59.59303 
-4.18190 -244.12107 -231.23639 
-204.32453 -193.18554 -6.09539 
-4.99872 -259.49953 -238.24796 
-6.74871 -273.09176 -243.55895 
-5.23901 -186.03873 -200.90225 
-8.90228 -285.88199 -247.62121 
-4.11143 -197.39341 -207.61869 
-179.97008 -144.84056 -5.76288 
-7.38237 -153.81645 -182.48578 
-254.33137 -291.66495 -5.81497 
-4.37142 -237.20717 -227.68177 
-4.28596 -203.91188 -210.91746 
-4.03402 -223.62011 -221.12804 
-5.56159 -199.74742 -207.40016 
-250.99886 -284.82510 -5.61485 
-215.41602 -211.76951 -4.09719 
-192.55030 -171.96257 -6.77316 
-57.71702 -3.57668 -56.02711 
-56.13950 -2.27414 -56.94772 
-53.90772 -2.78104 -59.55496 
-219.03581 -221.45929 -5.41223 
-47.72990 -2.53359 -65.48262 
-57.80984 -2.38078 -55.40245 
-240.07328 -262.73004 -5.39228 
-55.52779 -2.29150 -57.64313 
-4.12941 -237.85405 -228.06958 
-5.56284 -241.98193 -229.06057 
-4.37749 -247.13559 -232.50101 
-55.44696 -1.24753 -57.14364 
-209.20252 -205.37477 -7.06450 
-3.95834 -192.57383 -205.43154 
-4.73406 -210.64278 -214.00529 
-235.92313 -258.15629 -7.20141 
-57.93352 -1.67349 -54.85663 
-193.21635 -169.61829 -4.97367 
-196.65513 -182.95621 -7.99016 
-230.13205 -240.83736 -4.13160 
-4.66193 -185.04871 -201.03831 
-57.68556 -2.27573 -55.39641 
-58.20708 -1.27965 -54.42731 
-209.68546 -199.84046 -3.86427 
-7.10550 -208.26319 -210.37818 
-58.30853 -1.14563 -54.22375 
-6.61064 -220.68520 -217.37895 
-239.75078 -270.68391 -9.93616 
-5.92858 -290.65329 -253.20566 
-53.36577 -3.19774 -60.12126 
-7.83039 -184.67071 -197.15260 
-6.91839 -286.94806 -250.04945 
-6.70452 -215.94528 -214.51465 
-198.73766 -181.39409 -5.15353 
-6.49695 -187.91858 -200.66394 
-52.30365 -4.22220 -61.82775 
-5.99845 -245.06801 -230.10892 
-58.49065 -1.16488 -54.04698 
-55.06366 -1.61747 -57.76766 
-232.29994 -247.03126 -4.99136 
-51.19900 -2.24889 -61.91207 
-57.26286 -4.11283 -56.67965 
-201.22447 -190.32696 -7.77104 
-4.60798 -235.38465 -226.56623 
-5.80134 -164.53097 -189.13710 
-204.82482 -190.71355 -4.09588 
-7.63321 -258.54141 -235.35892 
-242.17330 -267.92880 -6.02786 
-47.99915 -6.59805 -67.31731 
-6.16620 -187.51669 -200.62160 
-4.40706 -197.27456 -207.18392 
-47.28392 -4.41293 -66.84850 
-53.94497 -1.47829 -58.78571 
-61.77420 -4.43464 -52.35114 
-217.10503 -214.44316 -3.84347 
-7.59718 -126.97901 -168.53174 
-235.99244 -261.26614 -8.36121 
-207.57526 -198.40579 -5.22618 
-5.07774 -247.81722 -232.36187 
-51.68573 -3.18596 -61.93108 
-4.78815 -203.74644 -210.27649 
-237.79254 -266.69405 -9.61922 
-262.49985 -315.73199 -9.99234 
-5.34055 -203.74720 -209.89466 
-255.22412 -295.28940 -6.80632 
-55.73621 -2.96744 -57.56551 
-215.08039 -211.13183 -4.29096 
-54.48705 -1.23987 -58.01307 
-53.10602 -1.22744 -59.44703 
-4.14372 -245.95902 -232.26571 
-61.29672 -4.43109 -52.78133 
-258.47201 -302.22169 -7.25363 
-4.33413 -246.69989 -232.37423 
-7.32827 -194.90897 -203.00303 
-54.58569 -3.27730 -59.16110 
-195.67918 -173.26124 -4.37049 
-218.86223 -222.50284 -6.09806 
-232.34671 -247.25432 -5.11626 
-4.72737 -217.45819 -217.47062 
-241.46740 -264.67088 -4.82133 
-59.59500 -1.83113 -53.36523 
-54.16013 -3.50564 -59.37577 
-62.33800 -3.02185 -51.06756 
-216.63154 -215.87746 -5.00119 
-224.72751 -230.26589 -4.10956 
-238.01136 -257.38918 -4.88304 
-4.67311 -206.49598 -211.85996 
-214.95593 -211.06565 -4.18849 
-188.02551 -161.80601 -5.90884 
-212.21060 -205.92842 -4.36569 
-4.61900 -241.48373 -229.40188 
-56.74415 -2.41963 -56.43542 
-57.88717 -2.35616 -55.15426 
-55.37491 -2.45164 -57.74828 
-6.11895 -202.23912 -208.48507 
-6.84203 -180.93051 -196.77714 
-54.90327 -5.13160 -59.82097 
-6.25611 -223.20340 -218.89347 
-4.11191 -206.99186 -212.48993 
-55.47689 -2.57337 -57.76295 
-250.52829 -284.13778 -5.62050 
-58.85869 -1.09926 -53.67615 
-4.26788 -240.48415 -229.46435 
-4.92459 -225.50254 -221.19270 
-5.01090 -216.97946 -216.56703 
-5.08359 -162.20704 -188.89054 
-213.76181 -210.81983 -5.09056 
-213.39010 -210.35798 -5.40441 
-3.85928 -205.37124 -212.04617 
-5.44327 -226.43203 -221.13486 
-217.29686 -214.71166 -3.76818 
-224.88479 -232.79747 -5.22144 
-54.90514 -2.60679 -58.23409 
-62.80360 -2.50769 -50.47109 
-66.31845 -4.55452 -47.81722 
-57.64521 -0.96657 -54.75783 
-5.88040 -222.12197 -218.52734 
-54.94258 -4.72929 -59.41772 
-54.06882 -2.83536 -59.44280 
-210.61593 -207.17262 -6.41901 
-5.75827 -201.57020 -208.43932 
-54.76046 -2.61737 -58.60566 
-53.02706 -1.49241 -59.59428 
-59.53275 -2.04617 -53.43941 
-5.10302 -172.85220 -194.13990 
-212.59034 -207.96842 -4.95406 
-240.43104 -265.03670 -6.06425 
-231.34850 -245.41409 -5.55630 
-53.18367 -4.26334 -60.71238 
-208.14754 -197.70879 -4.12192 
-5.98015 -230.60208 -222.54213 
-196.62686 -175.73264 -4.81005 
-57.40398 -2.12799 -55.69226 
-217.67316 -217.60554 -4.88852 
-55.57343 -1.70809 -57.24918 
-226.05314 -234.98313 -5.20558 
-57.42526 -2.47157 -55.83685 
-60.98890 -1.70174 -51.86819 
-244.25006 -271.32463 -5.75664 
-220.00823 -221.61942 -4.59665 
-228.39299 -239.78523 -5.18135 
-4.86256 -213.93267 -215.16615 
-49.78357 -2.76138 -63.55752 
-3.91023 -215.86323 -217.34136 
-55.39398 -2.72582 -58.00020 
-3.70446 -197.91405 -208.32035 
-202.87767 -191.49252 -6.19242 
-49.94636 -3.52823 -63.79364 
-219.98269 -223.55883 -5.57071 
-229.44078 -240.82983 -5.00475 
-9.65815 -298.38312 -252.89979 
-4.52779 -204.45916 -210.75268 
-5.13588 -257.78242 -237.43802 
-6.34526 -229.87164 -221.84475 
-6.35262 -207.03594 -210.64104 
-4.90747 -256.46816 -236.92772 
-61.39315 -2.14058 -51.63720 
-64.07573 -3.44274 -49.63105 
-59.22244 -1.50765 -53.51313 
-193.66829 -170.52277 -5.01231 
-237.84572 -259.49038 -5.68558 
-4.58201 -251.99641 -234.80633 
-43.70445 -5.10008 -70.81648 
-234.01145 -251.87770 -5.99603 
-191.23493 -166.85269 -5.61181 
-56.62550 -3.59802 -57.16386 
-55.81463 -4.18839 -58.11442 
-51.70234 -1.43367 -60.91516 
-213.93310 -208.29428 -3.87431 
-271.52416 -329.94813 -8.01502 
-52.35360 -2.39670 -60.75166 
-217.42776 -216.35273 -4.52691 
-180.25422 -150.36762 -8.07302 
-221.13374 -227.25153 -6.31943 
-6.36601 -150.02656 -181.20458 
-5.63010 -265.45220 -240.62108 
-195.71519 -176.50081 -6.25005 
-177.05624 -140.39839 -6.13590 
-4.06520 -224.43822 -221.54343 
-57.09976 -3.53295 -56.63556 
-50.16256 -4.68178 -64.11932 
-192.85750 -175.57881 -8.32211 
-5.75214 -269.08646 -242.30809 
-5.13777 -213.17242 -214.77816 
-191.93458 -168.58092 -5.59890 
-53.45518 -9.15415 -62.94773 
-60.87314 -1.68216 -51.90362 
-206.78853 -195.26391 -4.30061 
-62.82507 -1.94473 -50.15213 
-227.35621 -237.58064 -5.34491 
-52.23160 -2.20523 -60.86684 
-187.25563 -160.95877 -6.52637 
-54.40773 -1.81854 -58.52549 
-5.65714 -176.35771 -195.37901 
-62.29894 -2.85580 -50.99726 
-203.58924 -192.63226 -6.14599 
-4.89066 -180.40219 -198.15828 
-7.33239 -179.38009 -195.43759 
-4.11748 -204.96467 -211.39066 
-60.32329 -1.79325 -52.56073 
-51.27073 -4.89199 -63.07816 
-246.42954 -275.76239 -5.69321 
-4.94425 -206.45839 -211.44980 
-59.07675 -1.47174 -53.63044 
-268.57371 -323.89886 -7.96962 
-5.55543 -236.98977 -226.07851 
-4.19072 -206.21130 -212.23784 
-5.18817 -258.09693 -237.15391 
-59.90528 -2.74363 -53.44621 
-218.03366 -219.97673 -5.74104 
-216.22984 -213.80289 -4.51869 
-61.39726 -3.34558 -52.26764 
-239.27038 -262.55032 -5.95276 
-6.48167 -184.09163 -198.86755 
-60.03697 -1.17641 -52.50457 
-4.20357 -184.18247 -200.79212 
-200.23592 -181.73943 -4.19590 
-5.39108 -156.01648 -185.35125 
-6.08720 -259.25042 -236.77154 
-191.35066 -167.28339 -5.63915 
-231.68248 -246.47557 -5.35517 
-197.72170 -177.25602 -4.30900 
-208.69218 -199.17887 -4.56219 
-60.95092 -1.32821 -51.64409 
-224.62627 -230.84892 -4.48310 
-5.53962 -172.43058 -193.37175 
-7.00801 -199.54239 -205.78688 
-56.39780 -1.14678 -56.10391 
-233.37748 -247.82762 -4.61797 
-185.18369 -156.84007 -6.27205 
-264.77644 -326.75155 -12.68516 
-5.79668 -213.30132 -214.21020 
-208.26012 -197.61544 -4.16720 
-190.14035 -162.66865 -4.43989 
-56.86353 -6.29610 -58.10539 
-198.21176 -181.99564 -6.34587 
-6.22378 -269.20109 -241.80394 
-238.44283 -260.34589 -5.82616 
-7.40783 -204.44188 -207.93788 
-210.06083 -200.56737 -3.83289 
-51.41430 -4.54117 -62.62120 
-5.17206 -266.57168 -241.86579 
-4.29446 -251.86503 -235.17872 
-58.29600 -1.08924 -54.15679 
-59.98264 -2.54693 -53.32269 
-5.12608 -145.58406 -180.41470 
-57.37420 -5.35020 -57.34379 
-4.16298 -201.61278 -209.76583 
-7.02450 -236.74236 -224.63102 
-4.86499 -207.22586 -211.94719 
-4.55364 -230.15641 -223.97915 
-56.69632 -2.22096 -56.39494 
-198.48750 -178.42491 -4.26728 
-4.78050 -160.19145 -188.25111 
-4.81396 -237.37522 -227.45429 
-221.22758 -224.85426 -4.94228 
-215.60827 -212.24440 -4.23788 
-215.48825 -212.78909 -4.81906 
-225.12138 -232.74149 -4.96873 
-219.65977 -225.78195 -6.83040 
-7.06950 -243.99251 -228.51526 
-5.00364 -251.25607 -234.30303 
-6.66335 -251.11332 -232.58428 
-55.24662 -1.56726 -57.41592 
-59.25193 -3.21039 -54.33129 
-10.11472 -243.70670 -225.66756 
-244.98899 -271.81593 -5.17161 
-197.67184 -178.50816 -5.01228 
-6.15790 -230.62827 -222.32368 
-213.25517 -206.96396 -3.86681 
-61.55276 -4.79530 -52.78423 
-206.80661 -201.70593 -8.03347 
-4.72326 -231.49904 -224.49385 
-60.55817 -2.86867 -52.80723 
-200.91084 -185.54930 -5.38969 
-55.35340 -1.68919 -57.36196 
-204.45692 -191.46758 -4.94663 
-248.22331 -282.45909 -7.10285 
-238.51610 -258.96144 -5.08772 
-5.16354 -173.72606 -194.81679 
-63.53097 -2.71710 -49.70557 
-186.77381 -156.65943 -4.80579 
-53.99699 -2.54443 -59.21881 
-6.12655 -248.31435 -231.53035 
-195.07320 -176.98624 -7.09320 
-6.29561 -156.78779 -184.93666 
-4.38822 -195.66304 -206.42005 
-254.64644 -293.41119 -6.60574 
-58.03766 -2.22787 -55.05379 
-55.83325 -1.61293 -56.99689 
-194.01296 -171.45751 -4.98180 
-8.00933 -260.16309 -235.88882 
-226.51972 -234.23262 -4.41783 
-4.14584 -190.61176 -204.24453 
-4.29909 -210.82384 -214.46235 
-4.82011 -259.20611 -238.24052 
-3.78961 -224.46940 -221.73820 
-9.39748 -119.26968 -163.12441 
-6.50612 -207.42114 -210.44234 
-54.83537 -1.45196 -57.75579 
-7.22984 -287.24749 -250.34917 
-204.73253 -195.46719 -6.57573 
-52.37853 -6.52024 -63.03064 
-230.07084 -240.75295 -4.22248 
-6.74921 -307.49144 -260.98405 
-4.89429 -207.66585 -211.94269 
-60.07822 -3.92867 -53.98885 
-211.59715 -205.31776 -4.48669 
-193.58891 -175.86388 -7.71404 
-5.59229 -234.37625 -225.22087 
-58.48776 -1.95317 -54.49784 
-62.51489 -3.29790 -50.95436 
-5.71962 -210.45643 -212.81810 
-52.83095 -2.30630 -60.28790 
-56.71582 -3.45752 -56.94819 
-4.22874 -193.87264 -205.91122 
-63.28776 -3.67666 -50.61495 
-57.40286 -2.00868 -55.63350 
-246.40014 -276.03606 -5.82478 
-201.91068 -188.60909 -5.65846 
-210.70599 -203.80825 -4.63558 
-7.22644 -117.01820 -163.89178 
-7.85474 -137.50187 -173.47963 
-188.07730 -160.85393 -5.45028 
-223.43956 -230.76748 -6.03153 
-54.58611 -1.79169 -58.19518 
-227.03532 -236.88454 -5.44801 
-8.17584 -214.39748 -212.69922 
-247.19296 -277.94685 -5.81669 
-249.01606 -283.87082 -7.48311 
-207.75261 -197.00094 -4.30985 
-55.19988 -1.89785 -57.72003 
-51.07340 -3.04302 -62.33034 
-237.27837 -255.36513 -4.50724 
-4.42145 -198.03628 -207.80612 
-4.79762 -270.76022 -244.10027 
-5.91888 -279.70473 -247.38302 
-208.86660 -201.15411 -5.04763 
-210.15557 -202.16858 -4.38368 
-198.13952 -179.07940 -4.97969 
-229.81570 -240.27022 -4.29533 
-212.04432 -204.71830 -3.94703 
-59.00902 -1.82274 -53.80131 
-66.45407 -4.04245 -47.61099 
-193.14022 -170.64891 -5.61005 
-4.62549 -196.59534 -206.71985 
-4.86038 -178.94409 -197.69750 
-228.56999 -241.41365 -6.38123 
-9.24831 -149.61098 -178.03768 
-56.16174 -1.75588 -56.59614 
-6.59645 -287.20483 -250.95504 
-56.59698 -1.06986 -55.89991 
-5.78226 -230.91807 -222.99901 
-5.79898 -247.81192 -231.55903 
-4.32186 -243.21095 -230.58194 
-59.92681 -1.57506 -52.77942 
-3.94745 -195.85794 -207.06519 
-179.78917 -144.51583 -5.53869 
-53.44041 -2.90784 -60.04066 
-45.40863 -3.99973 -68.51693 
-240.47792 -262.68456 -5.01572 
-57.37010 -1.11974 -55.10196 
-183.46098 -151.95178 -5.76427 
-5.81379 -195.61509 -205.27866 
-8.33360 -210.93535 -210.19436 
-231.52581 -243.98059 -4.40937 
-54.54782 -2.34871 -58.55484 
-54.30531 -5.30161 -60.19408 
-195.90084 -176.43095 -5.56605 
-231.27980 -247.31075 -6.62301 
-198.90762 -182.68765 -5.65602 
-244.79199 -277.79308 -8.27606 
-234.05499 -250.27456 -4.90519 
-230.99616 -245.95823 -5.86339 
-48.44446 -2.99338 -64.92043 
-7.50556 -234.00511 -222.75959 
-56.36300 -1.76395 -56.36461 
-52.03391 -1.50521 -60.69641 
-199.60176 -181.60151 -4.55265 
-4.39283 -256.22517 -237.29776 
-5.46624 -220.85528 -217.96525 
-4.17579 -239.98944 -229.32411 
-50.88676 -1.87002 -62.01083 
-59.42871 -1.52243 -53.24028 
-262.09674 -308.23804 -6.47025 
-58.82982 -1.72956 -53.93507 
-51.28742 -1.95217 -61.60703 
-5.17170 -221.32558 -218.99599 
-3.90427 -187.08861 -202.66400 
-6.73859 -155.11723 -183.64182 
-63.78663 -3.18316 -49.87901 
-198.12298 -177.60085 -4.16391 
-4.58990 -169.89128 -193.34932 
-57.24826 -2.28066 -55.72849 
-57.17994 -1.31420 -55.36938 
-53.07239 -2.02970 -59.82609 
-207.79822 -207.09186 -9.64076 
-224.60929 -229.71194 -3.96340 
-6.17968 -170.12117 -191.64146 
-5.01689 -191.31892 -203.47197 
-203.46127 -190.59077 -5.46133 
-57.13325 -2.15021 -55.91049 
-193.19168 -172.57383 -6.78778 
-61.78248 -2.00926 -51.19503 
-5.50839 -217.82223 -216.87174 
-6.06365 -287.44586 -251.33748 
-59.53338 -1.56783 -53.22652 
-55.55511 -3.64753 -58.34996 
-5.13359 -223.77311 -220.04034 
-207.46857 -195.22798 -3.67786 
-6.38659 -309.15956 -262.00581 
-5.51165 -267.49799 -241.79701 
-57.99656 -2.25254 -54.95991 
-57.49124 -2.08418 -55.51245 
-4.83591 -207.02571 -212.07000 
-4.82335 -193.33300 -204.93395 
-254.56591 -294.94402 -7.29103 
-65.56682 -7.96906 -50.27227 
-57.65904 -1.65109 -55.14933 
-218.71537 -217.62610 -3.85500 
-50.39120 -4.78894 -63.86331 
-50.11107 -2.39710 -63.08908 
-234.44511 -250.29967 -4.61393 
-61.85629 -3.26807 -51.87611 
-225.54763 -233.35479 -5.05456 
-211.98644 -208.23847 -5.49519 
-216.70909 -219.14218 -6.80436 
-49.68870 -2.89052 -63.65129 
-56.44135 -1.44818 -56.30608 
-245.07548 -275.99800 -7.09395 
-231.95642 -244.22612 -4.10928 
-10.54026 -198.14227 -201.59633 
-205.87512 -194.77043 -4.99572 
-3.91719 -207.25735 -212.78535 
-56.60318 -3.33016 -57.11239 
